0.37014310290505487,-0.9879640705021914,0.21772949119334
0.36741491467365506,-0.9854492820371314,0.21714910083121228
0.36741491467365506,-0.9854492820371314,0.21714910083121228
0.3838315074134392,-0.9795790473276461,0.21202317037972437
0.3838315074134392,-0.9795790473276461,0.21202317037972437
0.3667487357335099,-0.9830161800516679,0.21451149699917807
0.3872636196633252,-0.9831174591273515,0.21002517113683256
0.3872636196633252,-0.9831174591273515,0.21002517113683256
0.3863001223072365,-0.9897039151420404,0.20935387836713767
0.3863001223072365,-0.9897039151420404,0.20935387836713767
0.3863001223072365,-0.9897039151420404,0.20935387836713767
0.3891922196259608,-0.9876440673108087,0.2068438666793147
0.3891922196259608,-0.9876440673108087,0.2068438666793147
0.4003939176340328,-0.9890039427035496,0.20529366409824779
0.4003939176340328,-0.9890039427035496,0.20529366409824779
0.40955447460680633,-0.988385490939893,0.20275864462996673
0.40955447460680633,-0.988385490939893,0.20275864462996673
0.4098102300514273,-0.9880459780548042,0.20212155830682849
0.4098102300514273,-0.9880459780548042,0.20212155830682849
0.410152408709905,-0.9875977801479792,0.20200064656271158
0.410152408709905,-0.9875977801479792,0.20200064656271158
0.408970033284586,-0.985415927645767,0.20362506803906813
0.408970033284586,-0.985415927645767,0.20362506803906813
0.38288427948766995,-0.9186261769248317,0.2632007151916683
0.38288427948766995,-0.9186261769248317,0.2632007151916683
0.36861221458972054,-0.9542490537797055,0.23195232531368304
0.36861221458972054,-0.9542490537797055,0.23195232531368304
0.3456303644017137,-0.9389693159030907,0.2543281155743597
0.3456303644017137,-0.9389693159030907,0.2543281155743597
0.3542000156652866,-0.9345449539897646,0.2593931704427885
0.3542000156652866,-0.9345449539897646,0.2593931704427885
0.4518639741627872,-0.9203635344932448,0.283457597962928
0.4518639741627872,-0.9203635344932448,0.283457597962928
0.4605415242882383,-0.9207960085817715,0.2902212757150445
0.4605415242882383,-0.9207960085817715,0.2902212757150445
0.46129100271161877,-0.9199716825715,0.28617442224634343
0.4620957538129377,-0.9187110136949131,0.28597261120684253
0.4620957538129377,-0.9187110136949131,0.28597261120684253
0.4620957538129377,-0.9187110136949131,0.28597261120684253
0.47074553744397707,-0.9163503407564803,0.2856273779232209
0.47074553744397707,-0.9163503407564803,0.2856273779232209
0.4892850522221319,-0.907661950135044,0.2968073457620336
0.5043062484622816,-0.9051487368152266,0.30308071362554656
0.5043062484622816,-0.9051487368152266,0.30308071362554656
0.5892477293757477,-0.9771610612096858,0.27515872229801935
0.5892477293757477,-0.9771610612096858,0.27515872229801935
0.6732078382523474,-0.919392471268272,0.33097269561652404
0.6732078382523474,-0.919392471268272,0.33097269561652404
0.6732078382523474,-0.919392471268272,0.33097269561652404
0.6863806970527706,-0.9241198413848375,0.3281591454354068
0.6863806970527706,-0.9241198413848375,0.3281591454354068
0.6271593199129353,-0.9696359015328142,0.32979857507762983
0.6272431400179408,-0.9697979480539082,0.3308867947650485
0.6272431400179408,-0.9697979480539082,0.3308867947650485
0.712135161863236,-0.9424327010478218,0.3822378061335797
0.712135161863236,-0.9424327010478218,0.3822378061335797
0.712135161863236,-0.9424327010478218,0.3822378061335797
0.6513328733329776,-1.015340923841644,0.3390539161516556
0.6513328733329776,-1.015340923841644,0.3390539161516556
0.6554813611386875,-1.022194933474551,0.3350887664244231
0.6553214434849346,-1.0470759553601086,0.33242115325583915
0.6553214434849346,-1.0470759553601086,0.33242115325583915
0.6553214434849346,-1.0470759553601086,0.33242115325583915
0.629912107522978,-1.0649795536012987,0.3368933138719112
0.629912107522978,-1.0649795536012987,0.3368933138719112
0.6286168005586685,-1.1022852658918918,0.31448417407463763
0.735516068638117,-1.114087608121355,0.32944249925982355
0.735516068638117,-1.114087608121355,0.32944249925982355
0.7587326758593458,-1.1159191980630512,0.3271718277701469
0.7587326758593458,-1.1159191980630512,0.3271718277701469
0.7375854534044498,-1.1189912839685787,0.32932826791580105
0.7375854534044498,-1.1189912839685787,0.32932826791580105
0.7375854534044498,-1.1189912839685787,0.32932826791580105
0.7376887968258387,-1.1187518618917098,0.32955508673575995
0.7376887968258387,-1.1187518618917098,0.32955508673575995
0.7392928758850367,-1.1149326597269233,0.33254374384395885
0.7725452920450753,-1.1183894126811593,0.33628541145368795
0.7725452920450753,-1.1183894126811593,0.33628541145368795
0.7708796494615487,-1.1049532855915127,0.3463746553294445
0.7708796494615487,-1.1049532855915127,0.3463746553294445
0.7708796494615487,-1.1049532855915127,0.3463746553294445
0.7545291756865827,-1.11807963411679,0.3448286148824678
0.7545291756865827,-1.11807963411679,0.3448286148824678
0.7626957789297096,-1.1254495729019516,0.3441148123835858
0.7823915946595249,-1.1296453453162176,0.3577405901174818
0.7823915946595249,-1.1296453453162176,0.3577405901174818
0.8192727445580029,-1.1337935041295553,0.38140975130512517
0.8192727445580029,-1.1337935041295553,0.38140975130512517
0.7820993523058408,-1.1330009573654054,0.3625137674632523
0.7820993523058408,-1.1330009573654054,0.3625137674632523
0.7820993523058408,-1.1330009573654054,0.3625137674632523
0.7758073345166893,-1.1324877916258567,0.35531563286394974
0.7647849039381633,-1.1286688658023407,0.3535077487140061
0.7647849039381633,-1.1286688658023407,0.3535077487140061
0.7430818309732615,-1.128758980690691,0.3452055503370086
0.7430818309732615,-1.128758980690691,0.3452055503370086
0.7430818309732615,-1.128758980690691,0.3452055503370086
0.7449994111084275,-1.1339045933203462,0.3417273702983325
0.7449994111084275,-1.1339045933203462,0.3417273702983325
0.7457890641784101,-1.1337998599787795,0.34021303901745825
0.7485814190429897,-1.1351311893182647,0.3389513667638191
0.7485814190429897,-1.1351311893182647,0.3389513667638191
0.7485814190429897,-1.1351311893182647,0.3389513667638191
0.7434827965066265,-1.134819835608653,0.33541482940808803
0.7434827965066265,-1.134819835608653,0.33541482940808803
0.7436198068024898,-1.1326041313007895,0.33554324348634235
0.7402970251243502,-1.1320253621435945,0.3365647641005672
0.7402970251243502,-1.1320253621435945,0.3365647641005672
0.7402970251243502,-1.1320253621435945,0.3365647641005672
0.7287114553310354,-1.1345037011950587,0.32756625118305
0.7287114553310354,-1.1345037011950587,0.32756625118305
0.7522213461494888,-1.1350268152203502,0.3319892006842906
0.7522213461494888,-1.1350268152203502,0.3319892006842906
0.6974522396182873,-1.1199493591538323,0.32346016949696754
0.6974522396182873,-1.1199493591538323,0.32346016949696754
0.6888529996841068,-1.1399128052262537,0.28944327142342285
0.6888529996841068,-1.1399128052262537,0.28944327142342285
0.7116892927021892,-1.1383688865472774,0.3016088955714511
0.7116892927021892,-1.1383688865472774,0.3016088955714511
0.7199947718025226,-1.143716366475123,0.303422606709121
0.7199947718025226,-1.143716366475123,0.303422606709121
0.7231045324063469,-1.1442787209608432,0.30534056006899696
0.7231045324063469,-1.1442787209608432,0.30534056006899696
0.7233750821862716,-1.139882407686485,0.3099027836706348
0.7217935634037833,-1.1138190044063085,0.3313913048758422
0.7217935634037833,-1.1138190044063085,0.3313913048758422
0.7217935634037833,-1.1138190044063085,0.3313913048758422
0.7223366152952712,-1.1142381035773368,0.3312036765705732
0.7219409861350508,-1.1036875044014194,0.33736363502410666
0.7219409861350508,-1.1036875044014194,0.33736363502410666
0.7220305764646763,-1.1041985699473116,0.3370267469942155
0.7220305764646763,-1.1041985699473116,0.3370267469942155
0.7220305764646763,-1.1041985699473116,0.3370267469942155
0.7252697115784004,-1.1115596381776864,0.3343082438667973
0.7300705818473443,-1.1161341915715965,0.33049905175223976
0.7300705818473443,-1.1161341915715965,0.33049905175223976
0.7392085785434085,-1.121943023250749,0.32743616175838464
0.7392085785434085,-1.121943023250749,0.32743616175838464
0.7582222062136443,-1.1216858876984337,0.3297193546262487
0.7582222062136443,-1.1216858876984337,0.3297193546262487
0.7561807614823133,-1.1190866217069437,0.3285852745168208
0.7561807614823133,-1.1190866217069437,0.3285852745168208
0.7576323417479842,-1.124996179779239,0.3233792841919503
0.7576323417479842,-1.124996179779239,0.3233792841919503
0.7576323417479842,-1.124996179779239,0.3233792841919503
0.7591020570053176,-1.126620513767967,0.3219141430403575
0.7591020570053176,-1.126620513767967,0.3219141430403575
0.766019645236537,-1.1486540322986334,0.3046617684627563
0.766019645236537,-1.1486540322986334,0.3046617684627563
0.7543282156832773,-1.149824171774964,0.30538641349582285
0.7499254041428147,-1.1469117005873488,0.3080031716814892
0.7499254041428147,-1.1469117005873488,0.3080031716814892
0.7499254041428147,-1.1469117005873488,0.3080031716814892
0.7510297296877481,-1.148140148071781,0.3088379069100381
0.7510297296877481,-1.148140148071781,0.3088379069100381
0.7303751889680711,-1.1472855903265031,0.30390626767595524
0.7303751889680711,-1.1472855903265031,0.30390626767595524
0.7212244804237843,-1.1469382293493289,0.3026687707759561
0.7212244804237843,-1.1469382293493289,0.3026687707759561
0.7142611642470803,-1.1469097661984546,0.3034609543042178
0.7142611642470803,-1.1469097661984546,0.3034609543042178
0.7094751316985874,-1.1468435548300129,0.30333003944791775
0.7094751316985874,-1.1468435548300129,0.30333003944791775
0.7076428467634428,-1.2272521218546044,0.258827802236894
0.7076428467634428,-1.2272521218546044,0.258827802236894
0.7089663106884916,-1.233501938933419,0.25324739472348684
0.7089663106884916,-1.233501938933419,0.25324739472348684
0.6871146435933394,-1.185497508545854,0.2549101847804902
0.6871146435933394,-1.185497508545854,0.2549101847804902
0.7182929460059657,-1.174789947528222,0.26265283844172777
0.7182929460059657,-1.174789947528222,0.26265283844172777
0.7296000699225074,-1.1609264310294283,0.27429145946691663
0.7296000699225074,-1.1609264310294283,0.27429145946691663
0.7544866582420148,-1.2734373147552707,0.19405698630805787
0.7544866582420148,-1.2734373147552707,0.19405698630805787
0.8110089585844348,-1.2846513540537023,0.17205479130187473
0.8110089585844348,-1.2846513540537023,0.17205479130187473
0.8022165679735024,-1.280117146485303,0.18112166814622177
0.8022165679735024,-1.280117146485303,0.18112166814622177
0.7574263490675666,-1.2159378812114445,0.23425970402796212
0.7574263490675666,-1.2159378812114445,0.23425970402796212
0.7797430615589687,-1.2354827807953792,0.2132106377284407
0.7797430615589687,-1.2354827807953792,0.2132106377284407
0.7949008776286539,-1.2513963350102975,0.20657035501052848
0.7949008776286539,-1.2513963350102975,0.20657035501052848
0.7936377624438032,-1.2538633440696663,0.20398028344932298
0.7936377624438032,-1.2538633440696663,0.20398028344932298
0.7932906812636559,-1.253020945340296,0.20115338995597526
0.7932906812636559,-1.253020945340296,0.20115338995597526
0.7932091171863214,-1.2533405340197727,0.1989419326933134
0.7932091171863214,-1.2533405340197727,0.1989419326933134
0.7902270390716439,-1.2423418751076654,0.19781116130560766
0.7902270390716439,-1.2423418751076654,0.19781116130560766
0.7787205604022551,-1.2342510172156997,0.19797544318646296
0.7787205604022551,-1.2342510172156997,0.19797544318646296
0.6955775240088695,-0.9640832934797845,0.36856865826294516
0.6955775240088695,-0.9640832934797845,0.36856865826294516
0.6826733060418803,-0.9721838785844763,0.3590598047493163
0.6826733060418803,-0.9721838785844763,0.3590598047493163
0.6631423972577823,-0.9383977316189318,0.3648686959363185
0.6631423972577823,-0.9383977316189318,0.3648686959363185
0.6586834887215783,-0.9289473852120042,0.3587988004683508
0.6586834887215783,-0.9289473852120042,0.3587988004683508
0.6249090190814507,-0.9404423254120251,0.3311761505241109
0.6249090190814507,-0.9404423254120251,0.3311761505241109
0.6114783657344732,-0.9460300288064243,0.3212662141830346
0.6114783657344732,-0.9460300288064243,0.3212662141830346
0.5997009468188321,-0.9458641411416687,0.30926485792549513
0.5997009468188321,-0.9458641411416687,0.30926485792549513
0.5836980748457834,-0.9427598891122406,0.29768377228331816
0.5836980748457834,-0.9427598891122406,0.29768377228331816
0.5133572145524236,-0.9519808446304235,0.220579713623143
0.5133572145524236,-0.9519808446304235,0.220579713623143
0.4931492805413011,-0.919786091774149,0.23198151271618966
0.4931492805413011,-0.919786091774149,0.23198151271618966
0.4878824537880094,-0.9112832366818097,0.23446651662355458
0.4878824537880094,-0.9112832366818097,0.23446651662355458
0.48728898835510515,-0.9085191054882658,0.2338235893223233
0.48222897860003355,-0.9057406598169033,0.22648868489826088
0.48222897860003355,-0.9057406598169033,0.22648868489826088
0.4540181768925185,-0.8996635283981019,0.21217244759230486
0.4540181768925185,-0.8996635283981019,0.21217244759230486
0.4540181768925185,-0.8996635283981019,0.21217244759230486
0.4474008572672739,-0.7947030343071386,0.7239179003655615
0.4474008572672739,-0.7947030343071386,0.7239179003655615
0.4647733115771836,-0.7392624537659701,0.6678762653075049
0.4647733115771836,-0.7392624537659701,0.6678762653075049
0.5297981029748182,-0.6985282305989984,0.6187000550418715
0.5297981029748182,-0.6985282305989984,0.6187000550418715
0.5255008908834152,-0.6588005528761479,0.6019813776278116
0.5255008908834152,-0.6588005528761479,0.6019813776278116
0.5354332262453936,-0.6284462881504835,0.5923240880723994
0.5354332262453936,-0.6284462881504835,0.5923240880723994
0.5527088882911898,-0.5770467012779044,0.5697239797698096
0.5527088882911898,-0.5770467012779044,0.5697239797698096
0.5746308393253219,-0.5356443954550721,0.5295971492964227
0.5746308393253219,-0.5356443954550721,0.5295971492964227
0.5672882501890122,-0.507146619019587,0.5081561498692689
0.5672882501890122,-0.507146619019587,0.5081561498692689
0.5166573057984112,-0.46754437259947285,0.48778086312712154
0.434736515780914,-0.41211128090673815,0.4698472066580088
0.434736515780914,-0.41211128090673815,0.4698472066580088
0.434736515780914,-0.41211128090673815,0.4698472066580088
0.2796370863560258,-0.3984958083324564,0.4387480800022373
0.2796370863560258,-0.3984958083324564,0.4387480800022373
0.266335286897178,-0.30984005715910695,0.4221653333406949
0.23713066161545887,-0.2778868542074848,0.31112942404608257
0.23713066161545887,-0.2778868542074848,0.31112942404608257
0.2007924334530261,-0.20757145865354673,0.22040294534001695
0.2007924334530261,-0.20757145865354673,0.22040294534001695
0.17886540635663428,-0.18870497688899415,0.2192530071499461
0.17886540635663428,-0.18870497688899415,0.2192530071499461
0.16132027915960134,-0.18434182456711126,0.20388105677357535
0.16132027915960134,-0.18434182456711126,0.20388105677357535
0.19497348731241512,-0.2591397242377148,0.26171971595943266
0.19497348731241512,-0.2591397242377148,0.26171971595943266
0.18757436732888882,-0.2676136740331468,0.2501536699614473
0.18757436732888882,-0.2676136740331468,0.2501536699614473
0.18118790007358954,-0.2729992061539574,0.2430597496036173
0.18118790007358954,-0.2729992061539574,0.2430597496036173
0.1674520755989676,-0.2936168901845816,0.23356508232181186
0.1674520755989676,-0.2936168901845816,0.23356508232181186
0.166351090710393,-0.3032000185720443,0.23025870398608692
0.166351090710393,-0.3032000185720443,0.23025870398608692
0.15941220037174195,-0.3119996089207797,0.22503603014893878
0.15941220037174195,-0.3119996089207797,0.22503603014893878
0.16096868592411218,-0.3250714905816168,0.21666877656683362
0.16096868592411218,-0.3250714905816168,0.21666877656683362
0.15789068324827146,-0.3407884003483588,0.20377266640764582
0.10276052551942186,-0.3866098728686295,0.17257344917098366
0.10276052551942186,-0.3866098728686295,0.17257344917098366
0.1282871315351207,-0.38904092992869027,0.17199141494076986
0.1282871315351207,-0.38904092992869027,0.17199141494076986
0.14025527155925283,-0.3913642691614619,0.16834146817505932
0.14025527155925283,-0.3913642691614619,0.16834146817505932
0.15259561276394523,-0.39691394799702334,0.15162277012520844
0.15259561276394523,-0.39691394799702334,0.15162277012520844
0.15909913314724922,-0.4019569827470226,0.14661610754975135
0.15909913314724922,-0.4019569827470226,0.14661610754975135
0.11659370626507513,-0.4326058549012992,0.1264551147517838
0.11659370626507513,-0.4326058549012992,0.1264551147517838
0.1189405824349358,-0.4401626832877841,0.1206720917527911
0.1189405824349358,-0.4401626832877841,0.1206720917527911
0.1160624117485648,-0.4457787116624223,0.11787856528399875
0.1160624117485648,-0.4457787116624223,0.11787856528399875
0.13830602026639835,-0.4349165929721304,0.12796862759620664
0.13830602026639835,-0.4349165929721304,0.12796862759620664
0.14627413645962864,-0.4300518259758106,0.13212142311666647
0.14627413645962864,-0.4300518259758106,0.13212142311666647
0.15962049246497775,-0.4278033199591241,0.14268512929315877
0.15962049246497775,-0.4278033199591241,0.14268512929315877
0.16544694423610945,-0.4273851327142887,0.15000254575885888
0.16544694423610945,-0.4273851327142887,0.15000254575885888
0.15487242192056358,-0.4230684333599976,0.19767024333712432
0.15487242192056358,-0.4230684333599976,0.19767024333712432
0.14494286320802627,-0.4087121451074271,0.23103838712171132
0.14494286320802627,-0.4087121451074271,0.23103838712171132
0.13242728939250703,-0.40288253256472356,0.23964079778232258
0.13242728939250703,-0.40288253256472356,0.23964079778232258
0.1331827983513925,-0.3988245162738637,0.25004776288560526
0.12226301703189515,-0.39617299414809903,0.26783047728850135
0.12226301703189515,-0.39617299414809903,0.26783047728850135
0.11824754808847672,-0.3946986029328115,0.27430230200110123
0.11824754808847672,-0.3946986029328115,0.27430230200110123
0.10991091845222518,-0.4022079558890033,0.2972259725093101
0.10991091845222518,-0.4022079558890033,0.2972259725093101
0.13806514592737615,-0.41758640286748505,0.30256787924657236
0.13806514592737615,-0.41758640286748505,0.30256787924657236
0.13806514592737615,-0.41758640286748505,0.30256787924657236
0.13213452641705278,-0.410238101603813,0.3074578062023695
0.11082625829456849,-0.32447724631326685,0.1775342932955315
0.11082625829456849,-0.32447724631326685,0.1775342932955315
0.11700096264483038,-0.3263298381915303,0.17834066305561674
0.11700096264483038,-0.3263298381915303,0.17834066305561674
0.12024582459802696,-0.3206788526461582,0.17874841229279193
0.12024582459802696,-0.3206788526461582,0.17874841229279193
0.12298564004896174,-0.32096956366285473,0.17659281156913925
0.12298564004896174,-0.32096956366285473,0.17659281156913925
0.12115157632276868,-0.3167706409581036,0.18649610248603785
0.12115157632276868,-0.3167706409581036,0.18649610248603785
0.11637504512158235,-0.31868292255082203,0.2001668942247584
0.11637504512158235,-0.31868292255082203,0.2001668942247584
0.12032404801900266,-0.31531031551349087,0.20427383631839235
0.12032404801900266,-0.31531031551349087,0.20427383631839235
0.12160963671026798,-0.3155362245022261,0.22065561136243533
0.12160963671026798,-0.3155362245022261,0.22065561136243533
0.11507366423662034,-0.312229193248414,0.22455988200901703
0.11507366423662034,-0.312229193248414,0.22455988200901703
0.11515162734671093,-0.3119016735744706,0.22767195513697022
0.11515162734671093,-0.3119016735744706,0.22767195513697022
0.12198379022246676,-0.3111480356612247,0.23459827090185603
0.12198379022246676,-0.3111480356612247,0.23459827090185603
0.12154954828095506,-0.3119571076333577,0.2362326954903958
0.12154954828095506,-0.3119571076333577,0.2362326954903958
0.12154139187322156,-0.31212774836796797,0.2350902561368707
0.12154139187322156,-0.31212774836796797,0.2350902561368707
0.12180838407104982,-0.31194185359521914,0.2355355555182414
0.12180838407104982,-0.31194185359521914,0.2355355555182414
0.1209339564228164,-0.313407070280322,0.23472334478006318
0.1209339564228164,-0.313407070280322,0.23472334478006318
0.12093048561101494,-0.36766046108876266,0.2926379017052128
0.12093048561101494,-0.36766046108876266,0.2926379017052128
0.11956328945726735,-0.37625696823771637,0.30335256393828836
0.11956328945726735,-0.37625696823771637,0.30335256393828836
0.12024517382081416,-0.3924089773350561,0.3162269890291069
0.11680633687306291,-0.3942329678918101,0.3179031223983407
0.11680633687306291,-0.3942329678918101,0.3179031223983407
0.11680633687306291,-0.3942329678918101,0.3179031223983407
0.15151458504322918,-0.4216920880275276,0.3306574926550021
0.16198277036220743,-0.43163915786840223,0.3339004946296221
0.16198277036220743,-0.43163915786840223,0.3339004946296221
0.16198277036220743,-0.43163915786840223,0.3339004946296221
0.17582076685923523,-0.439987676361098,0.3291664868129915
0.1789657995879919,-0.44660803944969213,0.32818833283791343
0.1789657995879919,-0.44660803944969213,0.32818833283791343
0.1524199029164957,-0.4135520966576447,0.2781673856305847
0.1524199029164957,-0.4135520966576447,0.2781673856305847
0.14313799768611316,-0.4118438654591552,0.28398711235658813
0.14313799768611316,-0.4118438654591552,0.28398711235658813
0.1397448452986988,-0.40781533478187093,0.2897526334068518
0.1397448452986988,-0.40781533478187093,0.2897526334068518
0.1361835754646505,-0.4064239288501519,0.29468675593102217
0.1361835754646505,-0.4064239288501519,0.29468675593102217
0.12245165565330524,-0.39263958412539185,0.2865021290980944
0.12245165565330524,-0.39263958412539185,0.2865021290980944
0.12460768055923234,-0.39466884097796534,0.2935051435507655
0.12460768055923234,-0.39466884097796534,0.2935051435507655
0.12388878866485241,-0.3941699068138536,0.2957724923283533
0.12388878866485241,-0.3941699068138536,0.2957724923283533
0.12691893752298034,-0.39631464668342087,0.30181320389140603
0.12691893752298034,-0.39631464668342087,0.30181320389140603
0.12290767693887114,-0.40053835720014697,0.315771707521103
0.12290767693887114,-0.40053835720014697,0.315771707521103
0.12126975746460887,-0.4020979996974219,0.3151304240879578
0.12126975746460887,-0.4020979996974219,0.3151304240879578
0.13399535877926472,-0.4134219675533079,0.3147535236093337
0.13399535877926472,-0.4134219675533079,0.3147535236093337
0.14374582360284602,-0.4226582047437563,0.3181466072426189
0.14374582360284602,-0.4226582047437563,0.3181466072426189
0.15232224294943175,-0.4328721926179267,0.32329590160647886
0.15232224294943175,-0.4328721926179267,0.32329590160647886
0.15305866244340915,-0.4338294940476224,0.3240205326491788
0.15305866244340915,-0.4338294940476224,0.3240205326491788
0.15745062769699236,-0.43688624301263024,0.3243657799231671
0.15745062769699236,-0.43688624301263024,0.3243657799231671
0.157740917719038,-0.4372710758661012,0.32561910692307583
0.16083111162133137,-0.4387298537995985,0.32862196425346485
0.16083111162133137,-0.4387298537995985,0.32862196425346485
0.15912516423576015,-0.44178591191142974,0.33242449695347803
0.15912516423576015,-0.44178591191142974,0.33242449695347803
0.1561106774158864,-0.44089252821762936,0.33114947789001675
0.1561106774158864,-0.44089252821762936,0.33114947789001675
0.15521850524231792,-0.44284637153744955,0.3356258041377707
0.15521850524231792,-0.44284637153744955,0.3356258041377707
0.1567859672370104,-0.4428646929636919,0.3341948519447762
0.1567859672370104,-0.4428646929636919,0.3341948519447762
0.1238489610994304,-0.424384232320074,0.3360719394435511
0.1238489610994304,-0.424384232320074,0.3360719394435511
0.12989520202789037,-0.42745546156766245,0.3304723651277789
0.12989520202789037,-0.42745546156766245,0.3304723651277789
0.12067781051186768,-0.4230332551162473,0.3349136594973415
0.12067781051186768,-0.4230332551162473,0.3349136594973415
0.11562161864977777,-0.4230202670765279,0.3410202447019533
0.11562161864977777,-0.4230202670765279,0.3410202447019533
0.10778786625841205,-0.42037811291983734,0.33917984693982245
0.10778786625841205,-0.42037811291983734,0.33917984693982245
0.10008366191753638,-0.4167727436302596,0.34003292703669336
0.10008366191753638,-0.4167727436302596,0.34003292703669336
0.08866213136698861,-0.4054029583917043,0.3181040905182485
0.08866213136698861,-0.4054029583917043,0.3181040905182485
0.08747051490524818,-0.40540757329092364,0.31865529697546124
0.08747051490524818,-0.40540757329092364,0.31865529697546124
0.08834095111990985,-0.4042262972613871,0.3139079458466002
0.08834095111990985,-0.4042262972613871,0.3139079458466002
0.08625655509253562,-0.40739062588304886,0.3099694827438286
0.08625655509253562,-0.40739062588304886,0.3099694827438286
0.11470853483510544,-0.4292381391044581,0.3144958560308237
0.11470853483510544,-0.4292381391044581,0.3144958560308237
0.1122909408747898,-0.42594182989194646,0.3062094667681857
0.1122909408747898,-0.42594182989194646,0.3062094667681857
0.1099950856384109,-0.4231675017055163,0.3035084865750466
0.1099950856384109,-0.4231675017055163,0.3035084865750466
0.14465001346227704,-0.4312946432063153,0.25820904329411937
0.14465001346227704,-0.4312946432063153,0.25820904329411937
0.1312654785271117,-0.42461870788819855,0.26031294961285323
0.1312654785271117,-0.42461870788819855,0.26031294961285323
0.12101747283178932,-0.41958285801123557,0.260321291368992
0.11972554990898628,-0.4141672046919268,0.2564453687029156
0.11972554990898628,-0.4141672046919268,0.2564453687029156
0.11972554990898628,-0.4141672046919268,0.2564453687029156
0.11903403404269038,-0.4144740816729548,0.2595299297747733
0.1176124329139548,-0.41378433386147717,0.26172555693752564
0.1176124329139548,-0.41378433386147717,0.26172555693752564
0.118628946920311,-0.411872107537013,0.26426977507190524
0.118628946920311,-0.411872107537013,0.26426977507190524
0.13443671588496942,-0.4257675690866909,0.2670116071357787
0.13443671588496942,-0.4257675690866909,0.2670116071357787
0.12811103122134346,-0.4236169984163135,0.2701770465174703
0.12811103122134346,-0.4236169984163135,0.2701770465174703
0.12313397386832713,-0.4203688831213986,0.27074075686491206
0.12313397386832713,-0.4203688831213986,0.27074075686491206
0.11798428701333513,-0.4177333887893301,0.2720382934235606
0.11798428701333513,-0.4177333887893301,0.2720382934235606
0.11226287068434547,-0.42009643826269033,0.2720016001893249
0.11226287068434547,-0.42009643826269033,0.2720016001893249
0.106643322681729,-0.4213135004867727,0.2694949321991408
0.106643322681729,-0.4213135004867727,0.2694949321991408
0.10746061209068078,-0.41845723711360255,0.25317985622829164
0.10746061209068078,-0.41845723711360255,0.25317985622829164
0.09846665408437781,-0.42286584757450313,0.24889698527353304
0.09846665408437781,-0.42286584757450313,0.24889698527353304
0.049581354489327406,-0.4552402775249375,0.2131188958988721
0.049581354489327406,-0.4552402775249375,0.2131188958988721
0.06043423591135141,-0.44844358107155813,0.22483505853143934
0.06043423591135141,-0.44844358107155813,0.22483505853143934
0.06758154849868087,-0.440357034103414,0.23835828687749888
0.06758154849868087,-0.440357034103414,0.23835828687749888
0.07357173581654705,-0.4362513489433714,0.24100087477766632
0.07357173581654705,-0.4362513489433714,0.24100087477766632
0.08234547081404656,-0.4309857489340117,0.24628858633196382
0.08234547081404656,-0.4309857489340117,0.24628858633196382
0.08033864743043523,-0.4250068844710441,0.2538561365637115
0.08033864743043523,-0.4250068844710441,0.2538561365637115
0.07717981822476763,-0.4241422679035156,0.26576244226996026
0.07717981822476763,-0.4241422679035156,0.26576244226996026
0.0805958779700718,-0.4232968017860414,0.2732424267965962
0.0805958779700718,-0.4232968017860414,0.2732424267965962
0.0705345585645211,-0.41908898089237623,0.29240107977307067
0.0705345585645211,-0.41908898089237623,0.29240107977307067
0.07343806617704288,-0.4174811444775044,0.29487022210220093
0.07343806617704288,-0.4174811444775044,0.29487022210220093
0.07894576726935676,-0.4162798889741017,0.2954005794154541
0.07894576726935676,-0.4162798889741017,0.2954005794154541
0.08948874858265675,-0.41322142669321604,0.3013328796270273
0.08989292461693825,-0.4166251773917464,0.31010623857822167
0.08989292461693825,-0.4166251773917464,0.31010623857822167
0.08989292461693825,-0.4166251773917464,0.31010623857822167
0.10577067382454386,-0.4407804441982642,0.3403806576007692
0.10885041190628537,-0.44576611050048187,0.3483843365285223
0.10885041190628537,-0.44576611050048187,0.3483843365285223
0.10432629549336107,-0.43458520452039795,0.35383547305371543
0.10432629549336107,-0.43458520452039795,0.35383547305371543
0.11796788742757314,-0.4464904838731687,0.3685044424798389
0.11796788742757314,-0.4464904838731687,0.3685044424798389
0.11909863452734525,-0.45051124936074843,0.3847995122263216
0.11909863452734525,-0.45051124936074843,0.3847995122263216
0.09749395907701526,-0.4460040403344891,0.40050418849849334
0.09749395907701526,-0.4460040403344891,0.40050418849849334
0.089670792661644,-0.4440598413250137,0.4092875505618708
0.089670792661644,-0.4440598413250137,0.4092875505618708
0.08991400979863218,-0.44119689049309463,0.41204606613802197
0.08991400979863218,-0.44119689049309463,0.41204606613802197
0.08591415950832045,-0.43730567379318336,0.4095352150281976
0.08591415950832045,-0.43730567379318336,0.4095352150281976
0.08154818195810083,-0.4327557700406127,0.40608958008003376
0.08154818195810083,-0.4327557700406127,0.40608958008003376
0.08191530707640149,-0.4326183731608585,0.4050155221412969
0.08191530707640149,-0.4326183731608585,0.4050155221412969
0.08061357911025926,-0.433536157788855,0.4007927048355544
0.08061357911025926,-0.433536157788855,0.4007927048355544
0.13096716225277516,-0.4577005438573033,0.3861045511191076
0.13096716225277516,-0.4577005438573033,0.3861045511191076
0.11451703279395921,-0.4470805830224592,0.3708960606895491
0.11451703279395921,-0.4470805830224592,0.3708960606895491
0.10053430344480996,-0.44495496596881917,0.36557832231074355
0.10053430344480996,-0.44495496596881917,0.36557832231074355
0.09395880710177303,-0.43979321500895974,0.3551988902491064
0.09395880710177303,-0.43979321500895974,0.3551988902491064
0.09020902880175738,-0.43295108805068977,0.31886209558068696
0.09020902880175738,-0.43295108805068977,0.31886209558068696
0.07539169936979659,-0.43270879202460666,0.3088695950905906
0.07539169936979659,-0.43270879202460666,0.3088695950905906
0.0617384368309022,-0.4364243662129092,0.2826303825564749
0.0617384368309022,-0.4364243662129092,0.2826303825564749
0.06455092240393023,-0.43357829983262525,0.248931177729723
0.06455092240393023,-0.43357829983262525,0.248931177729723
0.062095583365273696,-0.4357753511047216,0.24344833203842742
0.062095583365273696,-0.4357753511047216,0.24344833203842742
0.06442597317907725,-0.4387924450973949,0.22242511294136538
0.06442597317907725,-0.4387924450973949,0.22242511294136538
0.05188180855134336,-0.4404864999887013,0.21296545655220137
0.05188180855134336,-0.4404864999887013,0.21296545655220137
0.016985225455799616,-0.5029325251790788,0.12834136594074053
0.016985225455799616,-0.5029325251790788,0.12834136594074053
0.0315083602024381,-0.5089621258993329,0.09289852072788474
0.02707513567356495,-0.5151932899423802,0.07232726042673779
0.02707513567356495,-0.5151932899423802,0.07232726042673779
0.01916467834138673,-0.5302147039992158,0.06334960714595518
0.01916467834138673,-0.5302147039992158,0.06334960714595518
0.03251971137623967,-0.5257921383041486,0.054903972534470234
0.03251971137623967,-0.5257921383041486,0.054903972534470234
0.033156778882399845,-0.5257482000421194,0.005043949519991207
0.033156778882399845,-0.5257482000421194,0.005043949519991207
0.033156778882399845,-0.5257482000421194,0.005043949519991207
0.03570062362199406,-0.5176592765390479,-0.020373853609847618
0.032085426049580354,-0.500941652128995,-0.028451786408807092
0.032085426049580354,-0.500941652128995,-0.028451786408807092
0.05169924385058592,-0.4886303169131693,-0.041776526427454636
0.05169924385058592,-0.4886303169131693,-0.041776526427454636
0.04456663882826517,-0.4680704434763598,-0.0634701638962934
0.04456663882826517,-0.4680704434763598,-0.0634701638962934
0.06978317119464988,-0.4825629127070938,-0.06740782255298035
0.06978317119464988,-0.4825629127070938,-0.06740782255298035
0.08058967389397668,-0.48671991444109125,-0.09608866885772237
0.08058967389397668,-0.48671991444109125,-0.09608866885772237
0.1997791299475863,-0.39974105736614246,-0.08161731336109293
0.1997791299475863,-0.39974105736614246,-0.08161731336109293
0.14449447770842366,-0.42377034018738274,-0.08444168858843636
0.14449447770842366,-0.42377034018738274,-0.08444168858843636
0.1539861501270576,-0.43005757387423965,-0.10300494653450823
0.1539861501270576,-0.43005757387423965,-0.10300494653450823
0.17347892336648682,-0.41690464131872856,-0.11861120057701709
0.17347892336648682,-0.41690464131872856,-0.11861120057701709
0.1603852424602847,-0.4224435428447355,-0.12137723597526394
0.1603852424602847,-0.4224435428447355,-0.12137723597526394
0.17629500990675892,-0.41652486551050993,-0.11130717988742243
0.17629500990675892,-0.41652486551050993,-0.11130717988742243
0.17960225970208687,-0.4118295509813369,-0.1069675779957366
0.17960225970208687,-0.4118295509813369,-0.1069675779957366
0.15680032772083893,-0.441004004286199,-0.0858818219595711
0.15680032772083893,-0.441004004286199,-0.0858818219595711
0.18904586137727056,-0.43631499033799626,-0.082338621691704
0.18904586137727056,-0.43631499033799626,-0.082338621691704
0.20460685562284425,-0.42814576206168137,-0.07014381363876078
0.20460685562284425,-0.42814576206168137,-0.07014381363876078
0.2674979654655237,-0.4494649660419117,-0.011635540527211358
0.2674979654655237,-0.4494649660419117,-0.011635540527211358
0.15779979136422045,-0.484477736639502,-0.003128173422707498
0.15779979136422045,-0.484477736639502,-0.003128173422707498
0.15165628093502423,-0.48366070603877487,-0.010095341058327633
0.15165628093502423,-0.48366070603877487,-0.010095341058327633
0.16351708610419585,-0.5071378037330542,0.022719938410593953
0.16351708610419585,-0.5071378037330542,0.022719938410593953
0.15290395100735857,-0.5129401966606013,0.005047307207996845
0.15290395100735857,-0.5129401966606013,0.005047307207996845
0.17280797206011467,-0.5057637520331302,0.019777134729221008
0.17280797206011467,-0.5057637520331302,0.019777134729221008
0.22019019321938996,-0.4761819716953684,0.08458047826061099
0.22019019321938996,-0.4761819716953684,0.08458047826061099
0.21936192736811613,-0.4661666179265225,0.09226727538283944
0.21936192736811613,-0.4661666179265225,0.09226727538283944
0.22744405972902465,-0.45545692908110685,0.10418689292299356
0.22744405972902465,-0.45545692908110685,0.10418689292299356
0.20189858117415535,-0.46584515012640554,0.13234656309262263
0.20027207199369032,-0.4630506766613471,0.16339982582879317
0.20027207199369032,-0.4630506766613471,0.16339982582879317
0.20027207199369032,-0.4630506766613471,0.16339982582879317
0.19332823574822214,-0.4686106077580485,0.18665286454479743
0.19116865326019858,-0.46900552706789733,0.211004986467955
0.19116865326019858,-0.46900552706789733,0.211004986467955
0.19116865326019858,-0.46900552706789733,0.211004986467955
0.175923936740034,-0.47660245257274997,0.2399409995731613
0.175923936740034,-0.47660245257274997,0.2399409995731613
0.16893936184104605,-0.4753336868969337,0.2511534915169362
0.16893936184104605,-0.4753336868969337,0.2511534915169362
0.16556725125017802,-0.45961981688416853,0.2765871737129681
0.16556725125017802,-0.45961981688416853,0.2765871737129681
0.16527084392233235,-0.45836044681155347,0.297089216674917
0.16527084392233235,-0.45836044681155347,0.297089216674917
0.16506732419532347,-0.4557749149812139,0.3073193785191569
0.16506732419532347,-0.4557749149812139,0.3073193785191569
0.14705459187833717,-0.46041733779118943,0.32446416717691334
0.14705459187833717,-0.46041733779118943,0.32446416717691334
0.1413279259464978,-0.4625584299559845,0.33119117268034415
0.13382225204066622,-0.4636004299851265,0.3386628329387997
0.13382225204066622,-0.4636004299851265,0.3386628329387997
0.13382225204066622,-0.4636004299851265,0.3386628329387997
0.12064162729883736,-0.46805604609616036,0.3379707120106953
0.12064162729883736,-0.46805604609616036,0.3379707120106953
0.10259926292609593,-0.47825107695916574,0.34877959936342684
0.10259926292609593,-0.47825107695916574,0.34877959936342684
0.09504334901943816,-0.48320546142954884,0.3737004296925261
0.09504334901943816,-0.48320546142954884,0.3737004296925261
0.0829469191140942,-0.4875956951959529,0.39245213787791006
0.0829469191140942,-0.4875956951959529,0.39245213787791006
0.07923219601327328,-0.49073921531993664,0.40820850855500074
0.06480429166543777,-0.497081109310123,0.4171503115211406
0.06480429166543777,-0.497081109310123,0.4171503115211406
0.06480429166543777,-0.497081109310123,0.4171503115211406
0.05505504162598695,-0.4964746507576115,0.427135316672283
0.052709336855109395,-0.49663879747236217,0.429173345851866
0.052709336855109395,-0.49663879747236217,0.429173345851866
0.04465102294018836,-0.49268507237703585,0.4350089096729624
0.04465102294018836,-0.49268507237703585,0.4350089096729624
0.04465102294018836,-0.49268507237703585,0.4350089096729624
0.04414385056569832,-0.4940661431452336,0.4434570625504515
0.04652799457727718,-0.4916863197567464,0.45141238027814956
0.04652799457727718,-0.4916863197567464,0.45141238027814956
0.14757391209413248,-0.49620140450921857,0.37416323102262583
0.14757391209413248,-0.49620140450921857,0.37416323102262583
0.1560196987615403,-0.4989593456583005,0.37357867852640786
0.1560196987615403,-0.4989593456583005,0.37357867852640786
0.15562767056856405,-0.49376985003487045,0.37469276640183596
0.15562767056856405,-0.49376985003487045,0.37469276640183596
0.15261682810108176,-0.48977597255292243,0.3715506559565997
0.15261682810108176,-0.48977597255292243,0.3715506559565997
0.15129332079088534,-0.4799653600314821,0.36379545993162465
0.15129332079088534,-0.4799653600314821,0.36379545993162465
0.15113066987283882,-0.47928315633669255,0.3646251936040819
0.15113066987283882,-0.47928315633669255,0.3646251936040819
0.1522353858841,-0.478412322090575,0.364579340177256
0.1522353858841,-0.478412322090575,0.364579340177256
0.14538790805127016,-0.43842637581619925,0.3195091990063752
0.14538790805127016,-0.43842637581619925,0.3195091990063752
0.1484711169448131,-0.43679571361237374,0.310522347059494
0.1484711169448131,-0.43679571361237374,0.310522347059494
0.1355014741753661,-0.45307514366959817,0.30650966506143285
0.1355014741753661,-0.45307514366959817,0.30650966506143285
0.1913614568557704,-0.468730788576643,0.28305899492797626
0.1913614568557704,-0.468730788576643,0.28305899492797626
0.18132235064574911,-0.4781238218040435,0.2768431624474753
0.18132235064574911,-0.4781238218040435,0.2768431624474753
0.17982833970580525,-0.48350520880579484,0.26667136141788195
0.17982833970580525,-0.48350520880579484,0.26667136141788195
0.18841534502838558,-0.49062317962040164,0.24851924537290757
0.18841534502838558,-0.49062317962040164,0.24851924537290757
0.22224087898714243,-0.502035024000346,0.20217741484583768
0.22224087898714243,-0.502035024000346,0.20217741484583768
0.22007435487551585,-0.5175615898998823,0.17306877810363713
0.22007435487551585,-0.5175615898998823,0.17306877810363713
0.2532089369748945,-0.5213979252234475,0.12389092536895449
0.2532089369748945,-0.5213979252234475,0.12389092536895449
0.26114095672538945,-0.5290486543736905,0.07923273054525581
0.26114095672538945,-0.5290486543736905,0.07923273054525581
0.18927068321171095,-0.4934460056998262,0.07968801205325965
0.18927068321171095,-0.4934460056998262,0.07968801205325965
0.1001283920046278,-0.5202275646741007,0.02791592562328116
0.1001283920046278,-0.5202275646741007,0.02791592562328116
0.09528942957616258,-0.505497082706978,-0.015918376506053173
0.14707073115321406,-0.4782612739520518,0.0314849730936078
0.14707073115321406,-0.4782612739520518,0.0314849730936078
0.14707073115321406,-0.4782612739520518,0.0314849730936078
0.15016821376029052,-0.4682052703822973,-0.02190153170054393
0.15016821376029052,-0.4682052703822973,-0.02190153170054393
0.14719498621570676,-0.49006660066723773,-0.05379372677527033
0.14719498621570676,-0.49006660066723773,-0.05379372677527033
0.1558495422129731,-0.48675829824358097,-0.04694330874967685
0.1558495422129731,-0.48675829824358097,-0.04694330874967685
0.1503344656455811,-0.46636287549691974,-0.06842016548665668
0.1503344656455811,-0.46636287549691974,-0.06842016548665668
0.20305275625358749,-0.4899841680662107,-0.11286154460257963
0.20305275625358749,-0.4899841680662107,-0.11286154460257963
0.13991248550870983,-0.49252589980515643,-0.06027885632659223
0.13991248550870983,-0.49252589980515643,-0.06027885632659223
0.1218408795465411,-0.4707741941022724,-0.06588094890836867
0.12999477094144507,-0.4665517547553913,-0.06597101189393444
0.12999477094144507,-0.4665517547553913,-0.06597101189393444
0.15111283857720875,-0.47492503342593495,-0.06907557919015857
0.15111283857720875,-0.47492503342593495,-0.06907557919015857
0.15650483148109115,-0.476783649543898,-0.06341346793528278
0.15650483148109115,-0.476783649543898,-0.06341346793528278
0.14965735364826133,-0.46863453891208473,-0.048478506662468966
0.14965735364826133,-0.46863453891208473,-0.048478506662468966
0.14965735364826133,-0.46863453891208473,-0.048478506662468966
0.16070737718060885,-0.47148693350746596,-0.052315224823488715
0.15135128334796988,-0.4655516756970028,-0.04105854080893239
0.15135128334796988,-0.4655516756970028,-0.04105854080893239
0.14671540679503822,-0.4655918557177516,-0.036155267043313115
0.14671540679503822,-0.4655918557177516,-0.036155267043313115
0.1490685304261415,-0.4674365442356753,-0.02842090267433923
0.1490685304261415,-0.4674365442356753,-0.02842090267433923
0.17634078123739083,-0.48379987150266124,0.010075654851823122
0.17634078123739083,-0.48379987150266124,0.010075654851823122
0.17511922902386268,-0.48165814375294375,0.0038498367470972787
0.17511922902386268,-0.48165814375294375,0.0038498367470972787
0.16265727925067602,-0.48451802719675896,-0.00043219478565990584
0.16265727925067602,-0.48451802719675896,-0.00043219478565990584
0.15831954543149093,-0.4874716179654427,0.006770115938099604
0.15831954543149093,-0.4874716179654427,0.006770115938099604
0.16012723098799272,-0.4904934097597166,0.008324480653256706
0.16012723098799272,-0.4904934097597166,0.008324480653256706
0.15854545189461922,-0.49069936690871274,0.012805804959510605
0.15854545189461922,-0.49069936690871274,0.012805804959510605
0.1303424595136576,-0.4967480075425128,0.015588523870035132
0.1303424595136576,-0.4967480075425128,0.015588523870035132
0.11831791879775162,-0.4860972899242483,0.06001906045177354
0.11831791879775162,-0.4860972899242483,0.06001906045177354
0.11187669948628415,-0.48052605646957813,0.07572786388211877
0.11187669948628415,-0.48052605646957813,0.07572786388211877
0.12297153987601822,-0.4850419978799892,0.07653843075221098
0.12297153987601822,-0.4850419978799892,0.07653843075221098
0.13485208528731066,-0.4842251607181516,0.08982480219021166
0.13485208528731066,-0.4842251607181516,0.08982480219021166
0.14122349789642102,-0.4820048415110687,0.09245908331015705
0.14122349789642102,-0.4820048415110687,0.09245908331015705
0.13835743166620768,-0.4822932588952189,0.09463552968017767
0.12770438223365352,-0.4775202372007465,0.10520843452276846
0.12770438223365352,-0.4775202372007465,0.10520843452276846
0.13027083063510472,-0.4822532446792326,0.11699881605062531
0.13027083063510472,-0.4822532446792326,0.11699881605062531
0.13416095988734247,-0.4845251291674139,0.1281295867649732
0.13416095988734247,-0.4845251291674139,0.1281295867649732
0.1250674763526324,-0.4747316498047522,0.12536523021072904
0.1250674763526324,-0.4747316498047522,0.12536523021072904
0.11624120194148808,-0.48119038088415844,0.1427276600078959
0.11624120194148808,-0.48119038088415844,0.1427276600078959
0.11495418154035468,-0.47641699994603404,0.15234411343173623
0.11495418154035468,-0.47641699994603404,0.15234411343173623
0.11573437664817812,-0.4830145096115477,0.15586227094322852
0.11573437664817812,-0.4830145096115477,0.15586227094322852
0.11068178575333226,-0.4798791415550474,0.15195385215292334
0.11068178575333226,-0.4798791415550474,0.15195385215292334
0.11660090819956326,-0.4836780879046972,0.163068778776995
0.11660090819956326,-0.4836780879046972,0.163068778776995
0.12197055775247363,-0.4869108109908383,0.16367833905367102
0.12197055775247363,-0.4869108109908383,0.16367833905367102
0.12746697870643278,-0.48619152229753104,0.16375255794896063
0.12746697870643278,-0.48619152229753104,0.16375255794896063
0.12141987007502253,-0.4772877512897704,0.159533063355307
0.12141987007502253,-0.4772877512897704,0.159533063355307
0.12361068986925938,-0.47824217877025177,0.15975572004117566
0.12361068986925938,-0.47824217877025177,0.15975572004117566
0.12857533907008548,-0.4795442988374322,0.162917018274327
0.12857533907008548,-0.4795442988374322,0.162917018274327
0.1293877259573676,-0.47964651747343595,0.16156526904475535
0.1293877259573676,-0.47964651747343595,0.16156526904475535
0.12484742688441905,-0.477013012798516,0.16298119908151662
0.12484742688441905,-0.477013012798516,0.16298119908151662
0.12602533363954377,-0.4771339673726681,0.1627252103470094
0.12602533363954377,-0.4771339673726681,0.1627252103470094
0.1293176155589778,-0.4760753039649075,0.1628211143106682
0.1293176155589778,-0.4760753039649075,0.1628211143106682
0.12364518106153655,-0.47843487153825787,0.17423707864998841
0.12364518106153655,-0.47843487153825787,0.17423707864998841
0.12688036812683642,-0.47761949898515454,0.17531111910076685
0.12688036812683642,-0.47761949898515454,0.17531111910076685
0.11872495825176926,-0.46899720919565163,0.17740586172931885
0.11872495825176926,-0.46899720919565163,0.17740586172931885
0.12172734061548547,-0.47082164189843856,0.17910198383496073
0.12172734061548547,-0.47082164189843856,0.17910198383496073
0.1261749256281871,-0.4709109830312314,0.18115835788286588
0.12648252632409265,-0.47164314922774975,0.18268439210547613
0.12648252632409265,-0.47164314922774975,0.18268439210547613
0.12648252632409265,-0.47164314922774975,0.18268439210547613
0.12920724374369105,-0.46995484223487216,0.18404778831531715
0.12960630033056528,-0.46892259705258316,0.18303460595963938
0.12960630033056528,-0.46892259705258316,0.18303460595963938
0.128761678278677,-0.46753785094548617,0.1845039442212391
0.128761678278677,-0.46753785094548617,0.1845039442212391
0.12677368404908873,-0.46775394981911406,0.18834066238225897
0.12677368404908873,-0.46775394981911406,0.18834066238225897
0.11964008116837496,-0.4695503891511868,0.19413036578134596
0.11964008116837496,-0.4695503891511868,0.19413036578134596
0.11827145330475942,-0.4694542776572637,0.19711570017745603
0.11827145330475942,-0.4694542776572637,0.19711570017745603
0.1172165000577018,-0.47153474054728395,0.2016654024009064
0.1172165000577018,-0.47153474054728395,0.2016654024009064
0.11313482537917033,-0.47384666688557875,0.20755184918565375
0.11313482537917033,-0.47384666688557875,0.20755184918565375
0.11122739736852373,-0.4766659557967392,0.21162374541072962
0.11122739736852373,-0.4766659557967392,0.21162374541072962
0.10859830081405591,-0.47645726286916396,0.2147800071118727
0.10859830081405591,-0.47645726286916396,0.2147800071118727
0.09942746156132043,-0.468379199578028,0.21184720654268296
0.09942746156132043,-0.468379199578028,0.21184720654268296
0.09572939835714671,-0.46246709916604317,0.2095081571358098
0.09572939835714671,-0.46246709916604317,0.2095081571358098
0.09085598812155184,-0.4590242185435925,0.20831318745295604
0.09085598812155184,-0.4590242185435925,0.20831318745295604
0.08589559066518247,-0.4567021781147929,0.20520027840059318
0.08589559066518247,-0.4567021781147929,0.20520027840059318
0.08711323821543408,-0.4557764901264564,0.21001516802464937
0.08711323821543408,-0.4557764901264564,0.21001516802464937
0.08456088998692628,-0.45534009199188696,0.21112923841211914
0.08456088998692628,-0.45534009199188696,0.21112923841211914
0.07209481862472548,-0.4691228892055314,0.1980771881282148
0.07209481862472548,-0.4691228892055314,0.1980771881282148
0.07202475161148329,-0.46994301482848944,0.20494509411217057
0.07202475161148329,-0.46994301482848944,0.20494509411217057
0.0768414574592716,-0.4704793932347707,0.21070145147225242
0.0768414574592716,-0.4704793932347707,0.21070145147225242
0.08066286463784024,-0.46789247969807785,0.21453902304564035
0.08066286463784024,-0.46789247969807785,0.21453902304564035
0.08421710607799052,-0.4712320915876964,0.21609006504870865
0.08470436466976974,-0.47209742664252863,0.21706236055773534
0.08470436466976974,-0.47209742664252863,0.21706236055773534
0.08433945219399233,-0.47195461347387013,0.21740260627563207
0.08433945219399233,-0.47195461347387013,0.21740260627563207
0.09136992857905481,-0.476476275148583,0.22043963507666103
0.09136992857905481,-0.476476275148583,0.22043963507666103
0.09765305241296521,-0.4834785418731795,0.22552303481341185
0.09765305241296521,-0.4834785418731795,0.22552303481341185
0.08112678202025456,-0.467799076348607,0.22961909939694447
0.08112678202025456,-0.467799076348607,0.22961909939694447
0.07948933978261485,-0.4575272226123679,0.22930305701342116
0.07948933978261485,-0.4575272226123679,0.22930305701342116
0.06725542234478507,-0.4535535456773026,0.24300471499865114
0.06725542234478507,-0.4535535456773026,0.24300471499865114
0.0865605982063446,-0.4642412653917037,0.2537552450343277
0.0865605982063446,-0.4642412653917037,0.2537552450343277
0.09091980767355141,-0.4568350429977088,0.25849673769713744
0.09091980767355141,-0.4568350429977088,0.25849673769713744
0.09723690207796867,-0.46195246881776014,0.2773943828950547
0.09723690207796867,-0.46195246881776014,0.2773943828950547
0.10259292869455833,-0.46350785565946756,0.2900144771098187
0.0806896332738591,-0.45791158568567886,0.3194683471356409
0.0806896332738591,-0.45791158568567886,0.3194683471356409
0.07732593940160966,-0.4546448449891239,0.3325070541073148
0.07732593940160966,-0.4546448449891239,0.3325070541073148
0.1005785562952788,-0.4563262158161089,0.3345042139282052
0.1005785562952788,-0.4563262158161089,0.3345042139282052
0.10721318659438327,-0.46149111706645335,0.33829425323076434
0.10721318659438327,-0.46149111706645335,0.33829425323076434
0.1134315797881962,-0.4629919265072124,0.3400270860586004
0.1134315797881962,-0.4629919265072124,0.3400270860586004
0.12178512963197992,-0.46430123144742913,0.34013465099289514
0.12178512963197992,-0.46430123144742913,0.34013465099289514
0.13730304242606786,-0.4736932974803823,0.3434301867944355
0.13730304242606786,-0.4736932974803823,0.3434301867944355
0.08832012624910102,-0.4507660360122637,0.36912652413470226
0.08832012624910102,-0.4507660360122637,0.36912652413470226
0.0852271556973665,-0.4483839742594846,0.3680066302570979
0.0852271556973665,-0.4483839742594846,0.3680066302570979
0.07974678724798916,-0.4443051771050737,0.3610536278677512
0.07974678724798916,-0.4443051771050737,0.3610536278677512
0.07590277640756339,-0.44337777580085946,0.360330654683504
0.07590277640756339,-0.44337777580085946,0.360330654683504
0.07031967192886247,-0.44496798164266543,0.36017471805637913
0.07031967192886247,-0.44496798164266543,0.36017471805637913
0.07136855125526746,-0.44502233797059726,0.36346109016773764
0.07136855125526746,-0.44502233797059726,0.36346109016773764
0.06872518098726602,-0.4466969108023248,0.3604890815958997
0.06357141592840727,-0.44446241528805885,0.3590739909811398
0.06357141592840727,-0.44446241528805885,0.3590739909811398
0.07052037162128258,-0.45000209056962365,0.3566331826421481
0.07052037162128258,-0.45000209056962365,0.3566331826421481
0.0699144546510406,-0.4512436918985374,0.3524320294192248
0.0699144546510406,-0.4512436918985374,0.3524320294192248
0.07020652346413442,-0.4500250821633396,0.35195088322080315
0.07020652346413442,-0.4500250821633396,0.35195088322080315
0.024313714419166056,-0.39678011591966,0.3061160810705311
0.024313714419166056,-0.39678011591966,0.3061160810705311
0.020820342340984083,-0.3954484826047769,0.30542227780083225
0.020820342340984083,-0.3954484826047769,0.30542227780083225
0.020293386339225464,-0.39538730064746075,0.306185298409729
0.020293386339225464,-0.39538730064746075,0.306185298409729
0.01742458684471856,-0.39177994170073466,0.3057608306843595
0.01742458684471856,-0.39177994170073466,0.3057608306843595
0.01629344927861863,-0.3919561092607574,0.3066906304545658
0.01629344927861863,-0.3919561092607574,0.3066906304545658
0.010794728911841021,-0.38449157885866087,0.29544895110828423
0.010794728911841021,-0.38449157885866087,0.29544895110828423
0.02907618883255636,-0.4075100605802126,0.32499954353421656
0.02907618883255636,-0.4075100605802126,0.32499954353421656
-0.02623406064364224,-0.4605133663827313,0.2925394969635082
-0.02623406064364224,-0.4605133663827313,0.2925394969635082
-0.006435899350830948,-0.44707613392800216,0.30338425211884085
-0.006435899350830948,-0.44707613392800216,0.30338425211884085
-0.0028733713475046743,-0.4385201660434489,0.29199329555997877
-0.0028733713475046743,-0.4385201660434489,0.29199329555997877
-0.0009571795370592728,-0.43445935870575586,0.2900478301440073
-0.0009571795370592728,-0.43445935870575586,0.2900478301440073
-0.0006111829856000408,-0.42584151801070996,0.2797000792677393
-0.0006111829856000408,-0.42584151801070996,0.2797000792677393
-0.013227453728509609,-0.39655100137218563,0.21701900790895523
-0.013227453728509609,-0.39655100137218563,0.21701900790895523
-0.014576775201479514,-0.3921344875509452,0.19823811232106464
-0.014576775201479514,-0.3921344875509452,0.19823811232106464
0.05449099132310023,-0.42266102342471673,-0.006354491885049888
0.05449099132310023,-0.42266102342471673,-0.006354491885049888
0.06227480740967217,-0.41519740494881324,-0.011838995434798242
0.06227480740967217,-0.41519740494881324,-0.011838995434798242
0.08834832659498806,-0.42091062254832984,-0.07691249294696893
0.08834832659498806,-0.42091062254832984,-0.07691249294696893
0.09451552531472926,-0.39397950767839374,-0.38849663626908215
0.09451552531472926,-0.39397950767839374,-0.38849663626908215
0.14053684116664716,-0.4114406559111877,-0.43434145901949567
0.14053684116664716,-0.4114406559111877,-0.43434145901949567
0.21690021071277427,-0.4305998107154582,-0.5339972193135137
0.21690021071277427,-0.4305998107154582,-0.5339972193135137
0.2624242460038363,-0.40917396663889405,-0.5590956923236572
0.2624242460038363,-0.40917396663889405,-0.5590956923236572
0.2677079061943652,-0.3869166393131492,-0.5898554371666751
0.2677079061943652,-0.3869166393131492,-0.5898554371666751
0.2412078242386485,-0.3712883521918963,-0.6842977222896438
0.2412078242386485,-0.3712883521918963,-0.6842977222896438
0.19021109966931982,-0.40395843966777123,-0.8119347406020788
0.19021109966931982,-0.40395843966777123,-0.8119347406020788
0.0723806833617243,-0.39727935405916937,-0.8524067728807624
-0.02849451359964609,-0.38831257724170654,-0.8690879417719679
-0.02849451359964609,-0.38831257724170654,-0.8690879417719679
-0.3531070681614457,-0.572477895782423,-0.7032303958681606
-0.3531070681614457,-0.572477895782423,-0.7032303958681606
-0.3531070681614457,-0.572477895782423,-0.7032303958681606
-0.44921148245367604,-0.4961376802122126,-0.8673009172587587
-0.5364481374567049,-0.46818631337113253,-0.8535859159612984
-0.5364481374567049,-0.46818631337113253,-0.8535859159612984
-0.5364481374567049,-0.46818631337113253,-0.8535859159612984
-0.5928603217826681,-0.4973740310569845,-0.8245464965582958
-0.32505952910255725,-0.5974535645531694,-0.7165217688622529
-0.32505952910255725,-0.5974535645531694,-0.7165217688622529
-0.28489568106373186,-0.6351859753997333,-0.7072113896856694
-0.28489568106373186,-0.6351859753997333,-0.7072113896856694
-0.28489568106373186,-0.6351859753997333,-0.7072113896856694
-0.15598162207297667,-0.7221284659634678,-0.6620670296194989
-0.0067479253317833275,-0.8109521497269756,-0.6522146286614345
-0.0067479253317833275,-0.8109521497269756,-0.6522146286614345
-0.0067479253317833275,-0.8109521497269756,-0.6522146286614345
0.12414198438576973,-0.9005883873626263,-0.6198563095445198
0.12414198438576973,-0.9005883873626263,-0.6198563095445198
0.24143203868102361,-1.0531815775639113,-0.6226932061500506
0.24143203868102361,-1.0531815775639113,-0.6226932061500506
0.3449089995539252,-1.189944944955277,-0.6278541824700965
0.3449089995539252,-1.189944944955277,-0.6278541824700965
0.4737043177344372,-1.336897429506457,-0.7167561075043075
0.4737043177344372,-1.336897429506457,-0.7167561075043075
0.5051521286834479,-1.4792766318335715,-0.8056980799631682
0.5051521286834479,-1.4792766318335715,-0.8056980799631682
0.5556886669930488,-1.6915076672331524,-0.9221109068876842
0.5556886669930488,-1.6915076672331524,-0.9221109068876842
0.5793735734965915,-1.8053963332660723,-1.072606505527304
0.5793735734965915,-1.8053963332660723,-1.072606505527304
0.5785895171106388,-1.926090372868269,-1.1889859654272645
0.5785895171106388,-1.926090372868269,-1.1889859654272645
0.5792864995055218,-2.0318911378608187,-1.353208282296447
0.5792864995055218,-2.0318911378608187,-1.353208282296447
0.5728831120426904,-2.071622352751933,-1.4257767690035286
0.5728831120426904,-2.071622352751933,-1.4257767690035286
0.5500052560532853,-2.1216143400943346,-1.5433570570523942
0.49828547461541506,-2.220367656564541,-1.6540577571611184
0.49828547461541506,-2.220367656564541,-1.6540577571611184
0.49828547461541506,-2.220367656564541,-1.6540577571611184
0.5128918654601412,-2.209777430050416,-1.7531048315763784
0.35942445512945287,-2.3730492483382983,-2.01710794764187
0.35942445512945287,-2.3730492483382983,-2.01710794764187
0.38480203316342604,-2.273031117872446,-1.8586161549206761
0.38480203316342604,-2.273031117872446,-1.8586161549206761
0.38480203316342604,-2.273031117872446,-1.8586161549206761
0.33095238806358207,-2.276923937351727,-1.899812888193893
0.2991841344150004,-2.2022794623545736,-1.9554050442485302
0.2991841344150004,-2.2022794623545736,-1.9554050442485302
0.28464451331230506,-2.2052189044502013,-1.9596946305793002
0.28464451331230506,-2.2052189044502013,-1.9596946305793002
0.2727734258631716,-2.131007732565387,-1.9771971039470322
0.2727734258631716,-2.131007732565387,-1.9771971039470322
0.28059490025778955,-2.1086562557687407,-1.947872420967224
0.28059490025778955,-2.1086562557687407,-1.947872420967224
0.30563750156777314,-2.0326951804218263,-1.8504840794026272
0.30563750156777314,-2.0326951804218263,-1.8504840794026272
0.3334058181557479,-1.9512958194055394,-1.715030188533665
0.3334058181557479,-1.9512958194055394,-1.715030188533665
0.29957880910197543,-1.8977815033253826,-1.6977294562536
0.29957880910197543,-1.8977815033253826,-1.6977294562536
0.2899922533657186,-1.875260325354446,-1.6813576843217402
0.2899922533657186,-1.875260325354446,-1.6813576843217402
0.3053052147229296,-1.8623360375662492,-1.6788234692995438
0.3053052147229296,-1.8623360375662492,-1.6788234692995438
0.2966873191753163,-1.8429872850162037,-1.6658465647727223
0.2966873191753163,-1.8429872850162037,-1.6658465647727223
0.2750045070743055,-1.698250394236379,-1.5370320122719208
0.2750045070743055,-1.698250394236379,-1.5370320122719208
0.32942766043919525,-1.5777907472999255,-1.2373833305802378
0.32942766043919525,-1.5777907472999255,-1.2373833305802378
0.024858718642292225,-1.7023490879622747,-0.8675177679424512
0.024858718642292225,-1.7023490879622747,-0.8675177679424512
-0.016744947948711758,-1.6824498359670188,-0.6966960202260905
-0.016744947948711758,-1.6824498359670188,-0.6966960202260905
0.013392067538325335,-1.6630586097636784,-0.6772188415760053
0.013392067538325335,-1.6630586097636784,-0.6772188415760053
0.0734434459353351,-1.6431487738977577,-0.5053214095407801
0.0734434459353351,-1.6431487738977577,-0.5053214095407801
0.0981806591919365,-1.5351193718258793,-0.5938355915621824
0.0981806591919365,-1.5351193718258793,-0.5938355915621824
0.250091280274222,-1.3509421982446532,-0.3668013199562406
0.250091280274222,-1.3509421982446532,-0.3668013199562406
0.3456377832619394,-1.4723074984273228,-0.40540791171641843
0.3456377832619394,-1.4723074984273228,-0.40540791171641843
0.3439437667919357,-1.299204342022703,-0.13766978745574254
0.3439437667919357,-1.299204342022703,-0.13766978745574254
0.2134380759408056,-1.4290647044738805,-0.3568388148123271
0.4181861666313305,-1.2559640904089502,-0.002907195580841599
0.4181861666313305,-1.2559640904089502,-0.002907195580841599
0.4181861666313305,-1.2559640904089502,-0.002907195580841599
0.4313430163123194,-1.249788692034315,0.012488118707901268
0.471781444611274,-1.2311202087901645,0.0707954202019512
0.471781444611274,-1.2311202087901645,0.0707954202019512
0.5225488786759679,-1.201515077615035,0.12517093899332402
0.5225488786759679,-1.201515077615035,0.12517093899332402
0.5302585061602835,-1.2036161002955896,0.1459715014045173
0.5302585061602835,-1.2036161002955896,0.1459715014045173
0.5552630153107457,-1.2133508847723706,0.19680966090611596
0.5552630153107457,-1.2133508847723706,0.19680966090611596
0.5757279195506199,-1.2172530722207255,0.2339194757980237
0.5757279195506199,-1.2172530722207255,0.2339194757980237
0.5767882525559695,-1.215942965890824,0.23962412126522828
0.5767882525559695,-1.215942965890824,0.23962412126522828
0.5793142659999337,-1.2208059090347576,0.24446485809174398
0.5793142659999337,-1.2208059090347576,0.24446485809174398
0.5797518919829517,-1.232548478647385,0.19685887202094737
0.5797518919829517,-1.232548478647385,0.19685887202094737
0.5759084017642963,-1.2377338844200099,0.18357666271703696
0.5759084017642963,-1.2377338844200099,0.18357666271703696
0.571152955744804,-1.243348282381151,0.1724642193830527
0.571152955744804,-1.243348282381151,0.1724642193830527
0.5825868076772469,-1.2481766828662566,0.22759857566368208
0.5825868076772469,-1.2481766828662566,0.22759857566368208
0.5934832044022319,-1.2752396954246619,0.24280457930556143
0.5934832044022319,-1.2752396954246619,0.24280457930556143
0.5987054312238748,-1.2959839990254858,0.23325404149438014
0.5987054312238748,-1.2959839990254858,0.23325404149438014
0.6113151508095089,-1.3124926265325656,0.22638526111250626
0.6113151508095089,-1.3124926265325656,0.22638526111250626
0.6352510403914455,-1.3442171570827466,0.1993955703332312
0.6352510403914455,-1.3442171570827466,0.1993955703332312
0.6451785600020494,-1.363998494257827,0.17603994725347374
0.6451785600020494,-1.363998494257827,0.17603994725347374
0.6457707672656756,-1.4071400644038397,0.1551918525714517
0.6457707672656756,-1.4071400644038397,0.1551918525714517
0.4492806489389513,-1.524204858830677,-0.14547085089791015
0.4492806489389513,-1.524204858830677,-0.14547085089791015
0.45115328206128824,-1.5286277008670148,-0.14428086528318967
0.45115328206128824,-1.5286277008670148,-0.14428086528318967
0.6431524736129399,-1.4418797545577995,0.07979811623910864
0.6431524736129399,-1.4418797545577995,0.07979811623910864
0.4205677943043533,-1.5535677768821048,-0.18316852351016635
0.4205677943043533,-1.5535677768821048,-0.18316852351016635
0.6446207571604053,-1.4423252166860454,0.02274830387905761
0.6446207571604053,-1.4423252166860454,0.02274830387905761
0.6531803864549014,-1.442949361079877,-0.0010609568406177133
0.6531803864549014,-1.442949361079877,-0.0010609568406177133
0.5873066778757743,-1.4284477725872122,-0.0992766187394179
0.5873066778757743,-1.4284477725872122,-0.0992766187394179
0.3648430865139116,-1.5689230940962355,-0.26845638706922625
0.3648430865139116,-1.5689230940962355,-0.26845638706922625
0.3654562921889367,-1.5727798510396998,-0.26970639135704616
0.3654562921889367,-1.5727798510396998,-0.26970639135704616
0.35090660573201693,-1.589387408721663,-0.290212631429002
0.35090660573201693,-1.589387408721663,-0.290212631429002
0.3369330740341417,-1.6021075079449958,-0.30412272838995225
0.3369330740341417,-1.6021075079449958,-0.30412272838995225
0.3167320816466221,-1.615762138077325,-0.2936465669330216
0.3167320816466221,-1.615762138077325,-0.2936465669330216
0.3086825315314999,-1.6631525657956905,-0.3143554574664798
0.3086825315314999,-1.6631525657956905,-0.3143554574664798
0.2975450869269027,-1.6853728910252987,-0.31973734167655815
0.2975450869269027,-1.6853728910252987,-0.31973734167655815
0.2892786978444834,-1.7014833107614094,-0.3182305092322297
0.2892786978444834,-1.7014833107614094,-0.3182305092322297
0.2846893301696916,-1.7101502020319914,-0.31287107956068855
0.2846893301696916,-1.7101502020319914,-0.31287107956068855
0.49404323150591783,-1.5852865871679835,-0.1478424279073372
0.49404323150591783,-1.5852865871679835,-0.1478424279073372
0.2768449918023313,-1.7229547511476264,-0.30387258063353806
0.2768449918023313,-1.7229547511476264,-0.30387258063353806
0.2776595913321369,-1.7262478271672723,-0.2850816644455057
0.2776595913321369,-1.7262478271672723,-0.2850816644455057
0.27726530711148967,-1.7275132767478407,-0.2718661891907058
0.27726530711148967,-1.7275132767478407,-0.2718661891907058
0.28808873001834867,-1.7245448188187973,-0.2598681556452551
0.28808873001834867,-1.7245448188187973,-0.2598681556452551
0.30199557874448807,-1.71264722175335,-0.24249904544799405
0.30199557874448807,-1.71264722175335,-0.24249904544799405
0.3069674732649498,-1.707389082958297,-0.23928857107592783
0.3069674732649498,-1.707389082958297,-0.23928857107592783
0.5403432101603465,-1.56450879100516,-0.04075834251568527
0.5403432101603465,-1.56450879100516,-0.04075834251568527
0.36753157733533204,-1.673836389098176,-0.190929574503601
0.36753157733533204,-1.673836389098176,-0.190929574503601
0.3724930594203893,-1.6713736080602473,-0.18963368181303855
0.3724930594203893,-1.6713736080602473,-0.18963368181303855
0.5945887013461484,-1.5514122044347292,0.0018601617723859485
0.5945887013461484,-1.5514122044347292,0.0018601617723859485
0.38403949581064245,-1.6591354756470102,-0.23604556910130775
0.38403949581064245,-1.6591354756470102,-0.23604556910130775
0.38904648891544646,-1.659641097269871,-0.2294436549640426
0.38904648891544646,-1.659641097269871,-0.2294436549640426
0.38921230694926184,-1.6607806181334164,-0.22983556011094144
0.38921230694926184,-1.6607806181334164,-0.22983556011094144
0.3899138013994869,-1.6624067207062763,-0.22907672262168494
0.3899138013994869,-1.6624067207062763,-0.22907672262168494
0.3924579932202612,-1.6661403676136777,-0.22458123306915756
0.38650416265601556,-1.6498144016864802,-0.25293180179226943
0.38650416265601556,-1.6498144016864802,-0.25293180179226943
0.38650416265601556,-1.6498144016864802,-0.25293180179226943
0.3903732067265594,-1.652272457288681,-0.25620820576736136
0.3903732067265594,-1.652272457288681,-0.25620820576736136
0.39067811754331866,-1.6529492170604392,-0.25759664473357713
0.39067811754331866,-1.6529492170604392,-0.25759664473357713
0.39400627897975055,-1.6515545226675996,-0.26214298926902213
0.4774938368295798,-1.6442016341388352,-0.08014465238740436
0.4774938368295798,-1.6442016341388352,-0.08014465238740436
0.4774938368295798,-1.6442016341388352,-0.08014465238740436
0.38851545470982124,-1.625001829533656,-0.3045263504689539
0.38851545470982124,-1.625001829533656,-0.3045263504689539
0.46108271061838296,-1.6147088356902142,-0.31833557688607034
0.46026759046680715,-1.6110351548385384,-0.32098734596437806
0.46026759046680715,-1.6110351548385384,-0.32098734596437806
0.46026759046680715,-1.6110351548385384,-0.32098734596437806
0.4548824958013802,-1.6098901624178346,-0.31925285527808933
0.4548824958013802,-1.6098901624178346,-0.31925285527808933
0.4477980049076574,-1.6080654810079043,-0.3173291099064037
0.4477980049076574,-1.6080654810079043,-0.3173291099064037
0.4360885271330301,-1.613976669493696,-0.31926453723427517
0.4360885271330301,-1.613976669493696,-0.31926453723427517
0.6348972778985805,-1.5703322964057826,-0.028422581518342
0.6327757875700779,-1.5613944248852272,-0.02449496094975505
0.6327757875700779,-1.5613944248852272,-0.02449496094975505
0.6327757875700779,-1.5613944248852272,-0.02449496094975505
0.6519342348627304,-1.5614016650265172,-0.039586719257245155
0.6519342348627304,-1.5614016650265172,-0.039586719257245155
0.6223584930291388,-1.5589019924289607,-0.11247544545785701
0.6152867139836388,-1.5654266861696648,-0.13867712883332717
0.6152867139836388,-1.5654266861696648,-0.13867712883332717
0.5946912638348819,-1.5720142475494359,-0.1489023031118422
0.5946912638348819,-1.5720142475494359,-0.1489023031118422
0.5946912638348819,-1.5720142475494359,-0.1489023031118422
0.582519777624331,-1.5866634299147406,-0.17346120265467552
0.582519777624331,-1.5866634299147406,-0.17346120265467552
0.5870790793918926,-1.61236924759073,-0.19967208469624426
0.5900229351916064,-1.628581029304906,-0.21027916100947502
0.5900229351916064,-1.628581029304906,-0.21027916100947502
0.5900229351916064,-1.628581029304906,-0.21027916100947502
0.5974998447446332,-1.6440361057177315,-0.21382068243333935
0.5974998447446332,-1.6440361057177315,-0.21382068243333935
0.5190829260110176,-1.5818734132321248,-0.38182550479261873
0.5190829260110176,-1.5818734132321248,-0.38182550479261873
0.5269715172288466,-1.5689668941876291,-0.33913113774117204
0.5269715172288466,-1.5689668941876291,-0.33913113774117204
0.48424057434987194,-1.6900868862243659,-0.46093508251778165
0.40239965638895614,-1.804221468354014,-0.5738755703817144
0.40239965638895614,-1.804221468354014,-0.5738755703817144
0.40239965638895614,-1.804221468354014,-0.5738755703817144
0.5173460450152657,-1.8273139266337117,-0.532870645035815
0.5173460450152657,-1.8273139266337117,-0.532870645035815
0.6211553361181583,-1.7227696024963086,-0.22621649707969865
0.6211553361181583,-1.7227696024963086,-0.22621649707969865
0.6464668819576083,-1.7262723662721036,-0.226784366063639
0.6464668819576083,-1.7262723662721036,-0.226784366063639
0.6613599184719888,-1.7216085270136547,-0.21313942152737791
0.6613599184719888,-1.7216085270136547,-0.21313942152737791
0.5580594483791921,-1.816356166229657,-0.4978922799970617
0.5700704963142198,-1.8127899821322535,-0.5011394441057719
0.5700704963142198,-1.8127899821322535,-0.5011394441057719
0.5700704963142198,-1.8127899821322535,-0.5011394441057719
0.6959801815629878,-1.7006284766748612,-0.1769452236714446
0.6959801815629878,-1.7006284766748612,-0.1769452236714446
0.6333999263022777,-1.6106890097629547,-0.2809047005665893
0.6333999263022777,-1.6106890097629547,-0.2809047005665893
0.6074365186213636,-1.6896187917460561,-0.38364005535229023
0.6074365186213636,-1.6896187917460561,-0.38364005535229023
0.6574183778199416,-1.5186376875926852,-0.20187437826872434
0.6574183778199416,-1.5186376875926852,-0.20187437826872434
0.663210728865124,-1.5870675237547742,-0.24596886624257286
0.663210728865124,-1.5870675237547742,-0.24596886624257286
0.6615537199259535,-1.5928226070567906,-0.25233231457961014
0.6615537199259535,-1.5928226070567906,-0.25233231457961014
0.7551517525534718,-1.6848236627499336,-0.1338138675164409
0.7551517525534718,-1.6848236627499336,-0.1338138675164409
0.681208623461659,-1.5777916868602455,-0.19162587505375409
0.681208623461659,-1.5777916868602455,-0.19162587505375409
0.6663160207987536,-1.595921221724298,-0.2245545464446967
0.6663160207987536,-1.595921221724298,-0.2245545464446967
0.6643050324409805,-1.599379356384887,-0.22702451070786997
0.6643050324409805,-1.599379356384887,-0.22702451070786997
0.6765156520545931,-1.579617639440021,-0.17655996394872334
0.6765156520545931,-1.579617639440021,-0.17655996394872334
0.6774708194623583,-1.5746987648229132,-0.16697019714934389
0.6774708194623583,-1.5746987648229132,-0.16697019714934389
0.6376223857845064,-1.7107477347614615,-0.34141517003103744
0.6376223857845064,-1.7107477347614615,-0.34141517003103744
0.7231642303693321,-1.6944408916501914,-0.18530247414136655
0.7231642303693321,-1.6944408916501914,-0.18530247414136655
0.6705806506443703,-1.7008391592595848,-0.277617524009146
0.6705806506443703,-1.7008391592595848,-0.277617524009146
0.6372333077815614,-1.648274628126563,-0.3163208941309009
0.6337230154958472,-1.6416714534650014,-0.3173265566644828
0.6337230154958472,-1.6416714534650014,-0.3173265566644828
0.6301751950575296,-1.632379312435506,-0.3027660125802057
0.6301751950575296,-1.632379312435506,-0.3027660125802057
0.6301751950575296,-1.632379312435506,-0.3027660125802057
0.530239893931998,-1.7214486912227258,-0.5190522549285168
0.530239893931998,-1.7214486912227258,-0.5190522549285168
0.5074590471324442,-1.662679745881653,-0.5267724190753005
0.5154864708223319,-1.6647976253797154,-0.5071885289032885
0.5154864708223319,-1.6647976253797154,-0.5071885289032885
0.5154864708223319,-1.6647976253797154,-0.5071885289032885
0.32300696230250403,-1.8894226220350385,-0.7587616938276973
0.32300696230250403,-1.8894226220350385,-0.7587616938276973
0.30506863551351177,-1.902496990767311,-0.7789660217864866
0.30506863551351177,-1.902496990767311,-0.7789660217864866
0.3036616985646374,-1.9055212696330208,-0.7769930303240529
0.3036616985646374,-1.9055212696330208,-0.7769930303240529
0.4802724819875436,-1.8599997379278854,-0.5086636381911478
0.4753459249462387,-1.8633882069541503,-0.5095233812001548
0.4753459249462387,-1.8633882069541503,-0.5095233812001548
0.37147736973183587,-1.8477195187391318,-0.6903242825967897
0.37147736973183587,-1.8477195187391318,-0.6903242825967897
0.37147736973183587,-1.8477195187391318,-0.6903242825967897
0.48246811753315494,-1.8630363692483918,-0.5042432069559114
0.4723226309414187,-1.741097108246636,-0.6368843695777995
0.4723226309414187,-1.741097108246636,-0.6368843695777995
0.4723226309414187,-1.741097108246636,-0.6368843695777995
0.49320602831425514,-1.7390663867853282,-0.5956159356752971
0.49320602831425514,-1.7390663867853282,-0.5956159356752971
0.49966976451728473,-1.7339874000360207,-0.5967942393338316
0.5090135803531759,-1.7238561763724023,-0.5940265600674987
0.5090135803531759,-1.7238561763724023,-0.5940265600674987
0.5480860706676612,-1.7036997059224495,-0.5558076763442128
0.5480860706676612,-1.7036997059224495,-0.5558076763442128
0.5355380013766505,-1.676626275298142,-0.5726506088502693
0.5355380013766505,-1.676626275298142,-0.5726506088502693
0.5463951345431314,-1.7035091686163544,-0.5892883726288195
0.5463951345431314,-1.7035091686163544,-0.5892883726288195
0.5353243295251223,-1.663650919643134,-0.610180711845498
0.5353243295251223,-1.663650919643134,-0.610180711845498
0.532800789034567,-1.6368395434457592,-0.5911688527915167
0.532800789034567,-1.6368395434457592,-0.5911688527915167
0.5358612641108103,-1.6346794666356723,-0.5810678779932906
0.5358612641108103,-1.6346794666356723,-0.5810678779932906
0.5319744321297839,-1.6316021302460029,-0.5779166178482392
0.5319744321297839,-1.6316021302460029,-0.5779166178482392
0.5603841113535231,-1.6699682468943617,-0.5036202858790465
0.5603841113535231,-1.6699682468943617,-0.5036202858790465
0.560244237637924,-1.6656687912353576,-0.5006758033536709
0.560244237637924,-1.6656687912353576,-0.5006758033536709
0.5326977926943582,-1.6214239285663783,-0.5155765931558448
0.5326977926943582,-1.6214239285663783,-0.5155765931558448
0.5336869740577779,-1.6167322064737235,-0.5141531432969877
0.5336869740577779,-1.6167322064737235,-0.5141531432969877
0.5331063072433916,-1.6158751340228832,-0.5009793593349235
0.5331063072433916,-1.6158751340228832,-0.5009793593349235
0.5397817195811633,-1.616247890762828,-0.48472430203717365
0.5397817195811633,-1.616247890762828,-0.48472430203717365
0.5430544781842143,-1.6172069607766555,-0.44965419516885174
0.5430544781842143,-1.6172069607766555,-0.44965419516885174
0.5095417945242127,-1.5712174174955913,-0.4768749018780928
0.5095417945242127,-1.5712174174955913,-0.4768749018780928
0.509342396386218,-1.5738371327411074,-0.482517006908602
0.509342396386218,-1.5738371327411074,-0.482517006908602
0.5032094285478688,-1.5734801827218423,-0.4944324623146659
0.5032094285478688,-1.5734801827218423,-0.4944324623146659
0.5029453865400718,-1.5846357205732828,-0.4805707020706292
0.5029453865400718,-1.5846357205732828,-0.4805707020706292
0.5153208697142542,-1.592071235141964,-0.4500094455550233
0.5153208697142542,-1.592071235141964,-0.4500094455550233
0.5248920237231418,-1.6010852939508304,-0.42045049388499395
0.5248920237231418,-1.6010852939508304,-0.42045049388499395
0.5088218613862922,-1.5959781480260467,-0.4496958864615874
0.5088218613862922,-1.5959781480260467,-0.4496958864615874
0.5207096087320726,-1.603881508365894,-0.41943815095131753
0.5207096087320726,-1.603881508365894,-0.41943815095131753
0.5072904524491875,-1.59876994098078,-0.44797395212940283
0.5072904524491875,-1.59876994098078,-0.44797395212940283
0.5040414689069767,-1.5984978277315962,-0.44701994902482317
0.5040414689069767,-1.5984978277315962,-0.44701994902482317
0.5100738265882306,-1.6024099910998209,-0.4201744989261203
0.5100738265882306,-1.6024099910998209,-0.4201744989261203
0.4943091824602056,-1.5884482352793203,-0.39448563244166585
0.4943091824602056,-1.5884482352793203,-0.39448563244166585
0.48550208428426456,-1.5940697352111166,-0.4022074754324523
0.48550208428426456,-1.5940697352111166,-0.4022074754324523
0.4695975664406401,-1.5962137565933805,-0.4231973624808758
0.4725799916364977,-1.598481357791867,-0.4169431789076861
0.4725799916364977,-1.598481357791867,-0.4169431789076861
0.4725799916364977,-1.598481357791867,-0.4169431789076861
0.47845030579177056,-1.5998654406799149,-0.40916796266797806
0.48233943718561545,-1.6007489037220997,-0.40589495135680836
0.48233943718561545,-1.6007489037220997,-0.40589495135680836
0.49597118069134083,-1.6419566376562857,-0.463078161863247
0.49597118069134083,-1.6419566376562857,-0.463078161863247
0.49597118069134083,-1.6419566376562857,-0.463078161863247
0.4844747673761762,-1.6289373713733752,-0.4373634831522498
0.49115976783154963,-1.6160170352653485,-0.41912630567780124
0.49115976783154963,-1.6160170352653485,-0.41912630567780124
0.491230095155677,-1.615256544088591,-0.4194398297953204
0.491230095155677,-1.615256544088591,-0.4194398297953204
0.491230095155677,-1.615256544088591,-0.4194398297953204
0.4875544186876227,-1.6030147363364546,-0.4057590699203332
0.48819239728188074,-1.6011847768082552,-0.4070815792835233
0.48819239728188074,-1.6011847768082552,-0.4070815792835233
0.4883455468526208,-1.6009205116511573,-0.41012693235273273
0.4883455468526208,-1.6009205116511573,-0.41012693235273273
0.47944963927970946,-1.6035549835205247,-0.42835491116108276
0.47944963927970946,-1.6035549835205247,-0.42835491116108276
0.4613614601911886,-1.596677567781996,-0.47376533302577706
0.4613614601911886,-1.596677567781996,-0.47376533302577706
0.47477211298516014,-1.6039174327310748,-0.43768868922595505
0.47477211298516014,-1.6039174327310748,-0.43768868922595505
0.4765319013388018,-1.587168277782044,-0.4178913060582562
0.4765319013388018,-1.587168277782044,-0.4178913060582562
0.48031322064106335,-1.59047978576444,-0.41512694950401213
0.48031322064106335,-1.59047978576444,-0.41512694950401213
0.4793133231462066,-1.5875255317767065,-0.41108345372331656
0.4793133231462066,-1.5875255317767065,-0.41108345372331656
0.5238622772467927,-1.5916127020716175,-0.40720749258373173
0.5238622772467927,-1.5916127020716175,-0.40720749258373173
0.49376252960147365,-1.6453154828983398,-0.4688478590379675
0.49376252960147365,-1.6453154828983398,-0.4688478590379675
0.49505965874197894,-1.624883997615862,-0.4413920092405872
0.49505965874197894,-1.624883997615862,-0.4413920092405872
0.5011675499650625,-1.6200126536973014,-0.42422215684090603
0.5011675499650625,-1.6200126536973014,-0.42422215684090603
0.5018330347428475,-1.6225443266139965,-0.3966020251626704
0.5018330347428475,-1.6225443266139965,-0.3966020251626704
0.4954829676263162,-1.7653695437518981,-0.32694133124432045
0.4954829676263162,-1.7653695437518981,-0.32694133124432045
0.5849628820513874,-1.7160708966574925,-0.2694745709809957
0.5849628820513874,-1.7160708966574925,-0.2694745709809957
0.6747605926820309,-1.757206809495443,-0.1496861483815568
0.6747605926820309,-1.757206809495443,-0.1496861483815568
0.7572780586333487,-1.9826934382325718,-0.012711259821992569
0.7572780586333487,-1.9826934382325718,-0.012711259821992569
0.7113511054772833,-2.12485850370908,-0.09624375207247918
0.7113511054772833,-2.12485850370908,-0.09624375207247918
0.8396355635457663,-2.264484987737127,0.28458168895053937
0.8396355635457663,-2.264484987737127,0.28458168895053937
0.9799231734524283,-2.4710213480364502,0.42846787461634783
0.9799231734524283,-2.4710213480364502,0.42846787461634783
1.0699019736888138,-2.601902929653219,0.6489736279969935
1.0699019736888138,-2.601902929653219,0.6489736279969935
1.0599006559422812,-2.684441093045747,0.8327898531900156
1.0599006559422812,-2.684441093045747,0.8327898531900156
1.007926550769658,-2.7846358055835285,1.0667195743143338
1.007926550769658,-2.7846358055835285,1.0667195743143338
0.9804516045492025,-2.8071664620600476,1.2535844952249269
0.9804516045492025,-2.8071664620600476,1.2535844952249269
0.9501278160020988,-2.8605594643224,1.3976191326716811
0.9627339780056365,-2.888731075156168,1.467021389541353
0.9627339780056365,-2.888731075156168,1.467021389541353
0.8972742505041299,-2.9121056778731726,1.512374206071202
0.8972742505041299,-2.9121056778731726,1.512374206071202
0.8228033410927557,-2.946728475669658,1.5576411217495754
0.8228033410927557,-2.946728475669658,1.5576411217495754
0.8731745386051638,-2.9530063966556948,1.551305234434917
0.8731745386051638,-2.9530063966556948,1.551305234434917
0.8731745386051638,-2.9530063966556948,1.551305234434917
0.7710115403100046,-2.9947991450597917,1.5857031741356258
0.7411857698712647,-3.008703532432511,1.5876428335494213
0.7411857698712647,-3.008703532432511,1.5876428335494213
0.7411857698712647,-3.008703532432511,1.5876428335494213
0.7342088741433875,-3.0239611630074763,1.5782732401458228
0.7342088741433875,-3.0239611630074763,1.5782732401458228
0.7330230712914144,-3.0293874001974492,1.5784149975363078
0.7330230712914144,-3.0293874001974492,1.5784149975363078
0.7373544274939144,-3.0329870215885983,1.5839729155352609
0.7373544274939144,-3.0329870215885983,1.5839729155352609
0.7539616111867469,-3.0396620449805223,1.5849085213076435
0.7539616111867469,-3.0396620449805223,1.5849085213076435
0.7612381681285336,-3.0370848862906823,1.585034434607852
0.7612381681285336,-3.0370848862906823,1.585034434607852
0.778352741121594,-3.030882406471526,1.5884241955290483
0.778352741121594,-3.030882406471526,1.5884241955290483
0.7834906272164611,-3.0251010707488,1.58813735803599
0.7834906272164611,-3.0251010707488,1.58813735803599
0.7960993489437025,-3.022640251733893,1.583124819506523
0.7960993489437025,-3.022640251733893,1.583124819506523
0.8050905736857116,-3.0248993416212446,1.582973059003855
0.8050905736857116,-3.0248993416212446,1.582973059003855
0.8110554674625746,-3.0242819952226703,1.5836151119071684
0.8110554674625746,-3.0242819952226703,1.5836151119071684
0.817620724910797,-3.0246083542632776,1.5800686239031292
0.817620724910797,-3.0246083542632776,1.5800686239031292
0.823808661731052,-3.0249115006371516,1.5773225947292486
0.823808661731052,-3.0249115006371516,1.5773225947292486
0.8273441174023268,-3.0249971664310453,1.5762568785466509
0.8273441174023268,-3.0249971664310453,1.5762568785466509
0.8289627304859436,-3.026003048656117,1.5770023902116352
0.8289627304859436,-3.026003048656117,1.5770023902116352
0.8288874572549991,-3.0261517202597124,1.576986546121359
0.8288874572549991,-3.0261517202597124,1.576986546121359
0.8284540396312903,-3.025392058106767,1.579419855623805
0.8284540396312903,-3.025392058106767,1.579419855623805
0.8285331741403639,-3.0264302722605017,1.5800419722545853
0.8285331741403639,-3.0264302722605017,1.5800419722545853
0.8265078686839098,-3.026580601911721,1.584744239426788
0.8265078686839098,-3.026580601911721,1.584744239426788
0.8228281573971363,-3.027584826089169,1.5856957242653638
0.8228281573971363,-3.027584826089169,1.5856957242653638
0.8216245666346806,-3.027111177151319,1.585796629785114
0.8216245666346806,-3.027111177151319,1.585796629785114
0.8160647599801971,-3.0274740132396487,1.5791605092012921
0.8160647599801971,-3.0274740132396487,1.5791605092012921
0.8151020001716162,-3.02638080717306,1.5788494683738605
0.8151020001716162,-3.02638080717306,1.5788494683738605
0.8175625020428273,-3.025672820837721,1.5756122724014165
0.8175625020428273,-3.025672820837721,1.5756122724014165
0.8130231140579767,-3.030435009954385,1.6273276628703843
0.8130231140579767,-3.030435009954385,1.6273276628703843
0.8056115425371126,-3.018907710191574,1.6294791364358636
0.8056115425371126,-3.018907710191574,1.6294791364358636
0.8012733314813049,-3.018849125842202,1.6422602108049447
0.8012733314813049,-3.018849125842202,1.6422602108049447
0.797209878564731,-3.019454589566139,1.653038249399125
0.797209878564731,-3.019454589566139,1.653038249399125
0.7929818657836198,-3.0183959261583784,1.6669783906725415
0.7929818657836198,-3.0183959261583784,1.6669783906725415
0.7883596989373041,-3.020357396497268,1.630007867368989
0.7883596989373041,-3.020357396497268,1.630007867368989
0.7951760262342158,-3.0240158785790596,1.6254231192769808
0.7951760262342158,-3.0240158785790596,1.6254231192769808
0.7606407546472054,-3.0322475323484084,1.6548385997366062
0.7606407546472054,-3.0322475323484084,1.6548385997366062
0.8307672055415292,-3.025245320892066,1.6163712121249918
0.8307672055415292,-3.025245320892066,1.6163712121249918
0.8049405912307406,-3.02900660192653,1.634261498457366
0.8049405912307406,-3.02900660192653,1.634261498457366
0.8070954013525371,-3.033317802089535,1.637161771424002
0.8070954013525371,-3.033317802089535,1.637161771424002
0.8141157256130802,-3.0344093501085,1.6491864915939134
0.8141157256130802,-3.0344093501085,1.6491864915939134
0.8396671479331597,-3.030036249500875,1.649602600075186
0.8396671479331597,-3.030036249500875,1.649602600075186
0.8455407159744963,-3.0266919674437824,1.6481549818578722
0.8455407159744963,-3.0266919674437824,1.6481549818578722
0.8468166731630125,-3.016394662676519,1.6634468723608604
0.8468166731630125,-3.016394662676519,1.6634468723608604
0.886284445556538,-2.9805766888845846,1.6961395612416623
0.886284445556538,-2.9805766888845846,1.6961395612416623
0.8404986676704973,-2.9347709125484855,1.6720692752554716
0.8404986676704973,-2.9347709125484855,1.6720692752554716
0.8118907617077463,-2.934378507944199,1.8235338816679454
0.8118907617077463,-2.934378507944199,1.8235338816679454
0.9790660998632023,-2.9002102915378902,1.7952132873054665
0.9790660998632023,-2.9002102915378902,1.7952132873054665
0.7436810666307858,-2.9057898981330603,1.9741754348080567
0.7436810666307858,-2.9057898981330603,1.9741754348080567
0.6326520531293556,-2.8988700363753637,2.132120204191678
0.6326520531293556,-2.8988700363753637,2.132120204191678
0.9848076902857881,0.4687237834288019,0.1544280135261036
0.9848038290076588,0.4657433184715498,0.15622588057349732
0.9848038290076588,0.4657433184715498,0.15622588057349732
0.9835842725109165,0.4665205973804976,0.15941715316728167
0.9835842725109165,0.4665205973804976,0.15941715316728167
0.9831455618992104,0.4680133846341706,0.15930624453534806
0.9831455618992104,0.4680133846341706,0.15930624453534806
0.9826645941538215,0.4665078304137948,0.1597832460876379
0.9826645941538215,0.4665078304137948,0.1597832460876379
0.9824290128027965,0.46640941699708743,0.15973319555080503
0.9824290128027965,0.46640941699708743,0.15973319555080503
0.9814432588660309,0.46656333908482506,0.1601276539396248
0.9814432588660309,0.46656333908482506,0.1601276539396248
0.9797415632249165,0.4660152603891456,0.1592720730647081
0.9797415632249165,0.4660152603891456,0.1592720730647081
0.977029817964426,0.46828335071168126,0.15813881838691493
0.977029817964426,0.46828335071168126,0.15813881838691493
0.9712853641221041,0.46979787496970155,0.15955226513358878
0.9712853641221041,0.46979787496970155,0.15955226513358878
0.9669163929967058,0.47223438147961905,0.15741082965620948
0.9669163929967058,0.47223438147961905,0.15741082965620948
0.9619781219655709,0.48573996142081166,0.15233743303164185
0.9619781219655709,0.48573996142081166,0.15233743303164185
0.9562163140642416,0.4973039123263456,0.14284024748383228
0.9502964540705028,0.5030940412283024,0.13645682789834543
0.9502964540705028,0.5030940412283024,0.13645682789834543
0.9447277100756304,0.5120146911608726,0.12867993281463452
0.9447277100756304,0.5120146911608726,0.12867993281463452
0.9447277100756304,0.5120146911608726,0.12867993281463452
0.932896450191919,0.5279008571924594,0.11806869436731349
0.932896450191919,0.5279008571924594,0.11806869436731349
0.9059534926503343,0.578220444347773,0.1030119469524647
0.8860809258295291,0.6141247471526505,0.0904860918477233
0.8860809258295291,0.6141247471526505,0.0904860918477233
0.8509593907441023,0.6966327285516016,0.0625890908126959
0.8509593907441023,0.6966327285516016,0.0625890908126959
0.8509593907441023,0.6966327285516016,0.0625890908126959
0.8284175961073748,0.7998962606410913,0.04297931846230771
0.8284175961073748,0.7998962606410913,0.04297931846230771
0.7805599605015929,0.9845968107718158,0.04795013072312214
0.7805599605015929,0.9845968107718158,0.04795013072312214
0.7954783339421239,1.0350272688083166,0.04364809296599844
0.7954783339421239,1.0350272688083166,0.04364809296599844
0.7975072837509697,1.158618580828244,0.021344020822565618
0.7975072837509697,1.158618580828244,0.021344020822565618
0.7409172591932732,1.3438824664561992,0.012735783174228054
0.7409172591932732,1.3438824664561992,0.012735783174228054
0.6959720251552544,1.5289249474581308,-0.00151543390253702
0.6959720251552544,1.5289249474581308,-0.00151543390253702
0.6851986687086316,1.5563669897033239,-0.011000098072159176
0.6851986687086316,1.5563669897033239,-0.011000098072159176
0.6751897151761356,1.577969167144673,-0.01840254099141674
0.6751897151761356,1.577969167144673,-0.01840254099141674
0.6050838288417355,1.7275758266978154,-0.029502462947213478
0.6050838288417355,1.7275758266978154,-0.029502462947213478
0.5598528602221603,1.818932316377228,-0.02980766279655221
0.5598528602221603,1.818932316377228,-0.02980766279655221
0.5090711090587854,1.9129525148324396,-0.03012870673616718
0.5090711090587854,1.9129525148324396,-0.03012870673616718
0.4692094429109405,1.9803221124415256,-0.04022632384638761
0.4692094429109405,1.9803221124415256,-0.04022632384638761
0.4510874667925028,1.999669566187599,-0.04460006223279672
0.4510874667925028,1.999669566187599,-0.04460006223279672
0.370940174835263,2.076115123050171,-0.037362740616395884
0.370940174835263,2.076115123050171,-0.037362740616395884
0.366588557768872,2.0792538901043005,-0.03812157810565239
0.366588557768872,2.0792538901043005,-0.03812157810565239
0.3570561466967182,2.0828004816056165,-0.03882952563607472
0.3570561466967182,2.0828004816056165,-0.03882952563607472
0.33941965037901156,2.1010937486725134,-0.04518377530701329
0.33941965037901156,2.1010937486725134,-0.04518377530701329
0.32343851436486953,2.112125844878366,-0.04301233049308426
0.32343851436486953,2.112125844878366,-0.04301233049308426
0.3112498042507539,2.116698325712747,-0.040395572307417894
0.3112498042507539,2.116698325712747,-0.040395572307417894
0.3051245589686629,2.1178631041684275,-0.04023048598047787
0.3051245589686629,2.1178631041684275,-0.04023048598047787
0.30046469042915375,2.1197784255151224,-0.03889625968518524
0.30046469042915375,2.1197784255151224,-0.03889625968518524
0.29936140612776063,2.1226825788304917,-0.04177984913954347
0.29936140612776063,2.1226825788304917,-0.04177984913954347
0.2983321802731815,2.1229438042336124,-0.04283304394395406
0.2983321802731815,2.1229438042336124,-0.04283304394395406
0.29858277288524787,2.123123343157137,-0.04265959837291689
0.29858277288524787,2.123123343157137,-0.04265959837291689
0.3010328623210547,2.12621071073493,-0.044700128330545694
0.3010328623210547,2.12621071073493,-0.044700128330545694
0.30274952583806297,2.1254448032692683,-0.04557239271774012
0.30274952583806297,2.1254448032692683,-0.04557239271774012
0.307694174485883,2.161720398205356,-0.05665146902716911
0.307694174485883,2.161720398205356,-0.05665146902716911
0.3095578702678312,2.148970011978763,-0.052163464320820835
0.3095578702678312,2.148970011978763,-0.052163464320820835
0.31098745426371016,2.114540929412985,-0.040594900056831314
0.31098745426371016,2.114540929412985,-0.040594900056831314
0.31515403367593514,2.1460572091816235,-0.04910139276341703
0.31515403367593514,2.1460572091816235,-0.04910139276341703
0.31927367035854526,2.175856635904129,-0.05551485666137032
0.31927367035854526,2.175856635904129,-0.05551485666137032
0.320637786166819,2.17921832746127,-0.05596433216719793
0.320637786166819,2.17921832746127,-0.05596433216719793
0.3217983822480838,2.1735697737190796,-0.05443745852258624
0.3217983822480838,2.1735697737190796,-0.05443745852258624
0.3232376411318593,2.180145065546435,-0.05590263465009571
0.3232376411318593,2.180145065546435,-0.05590263465009571
0.32519743501556064,2.1874998055617128,-0.05871700676525603
0.32519743501556064,2.1874998055617128,-0.05871700676525603
0.3262919989023026,2.1871127343439496,-0.05925734970273413
0.3262919989023026,2.1871127343439496,-0.05925734970273413
0.3269465506229127,2.187595999958017,-0.05985942513323105
0.3269465506229127,2.187595999958017,-0.05985942513323105
0.3298406870435704,2.1930008483336443,-0.06861277786005893
0.3298406870435704,2.1930008483336443,-0.06861277786005893
0.33200248217411754,2.1937786384739426,-0.07356690660859568
0.33200248217411754,2.1937786384739426,-0.07356690660859568
0.33307643811578813,2.192943203544592,-0.07855027522351422
0.33307643811578813,2.192943203544592,-0.07855027522351422
0.33432354418120463,2.1837493018368033,-0.08009211856048401
0.33432354418120463,2.1837493018368033,-0.08009211856048401
0.3358453650007077,2.1862216442826954,-0.08211932269384077
0.3358453650007077,2.1862216442826954,-0.08211932269384077
0.3369758517895948,2.1816060818442247,-0.08487867769199335
0.3369758517895948,2.1816060818442247,-0.08487867769199335
0.3377209483130759,2.1739782613853165,-0.08558578580041425
0.3377209483130759,2.1739782613853165,-0.08558578580041425
0.3379742308042884,2.1706539588020903,-0.08672572087830177
0.3379742308042884,2.1706539588020903,-0.08672572087830177
0.33891946301327175,2.1727508363635857,-0.09048573685394459
0.33975215414959253,2.1699586841652,-0.09376794683121287
0.33975215414959253,2.1699586841652,-0.09376794683121287
0.33975215414959253,2.1699586841652,-0.09376794683121287
0.341318271204712,2.1726384760029496,-0.0977764666951839
0.341318271204712,2.1726384760029496,-0.0977764666951839
0.342880266670817,2.1794763473056524,-0.10235950096727284
0.3439059783284472,2.175591762796236,-0.10450177586665349
0.3439059783284472,2.175591762796236,-0.10450177586665349
0.3439059783284472,2.175591762796236,-0.10450177586665349
0.34432017633180534,2.1755403909540267,-0.10688671367626931
0.34449796866633586,2.17624240831792,-0.10722608499624803
0.34449796866633586,2.17624240831792,-0.10722608499624803
0.3448559395185102,2.1705354083969928,-0.10707184120349256
0.3448559395185102,2.1705354083969928,-0.10707184120349256
0.3457037720713148,2.167628850912569,-0.10856783111363638
0.3457037720713148,2.167628850912569,-0.10856783111363638
0.34647719909612545,2.171647958352525,-0.11135303331424841
0.34647719909612545,2.171647958352525,-0.11135303331424841
0.3473062892652022,2.171449545320217,-0.11248376972603745
0.3473062892652022,2.171449545320217,-0.11248376972603745
0.3471415992452223,2.1720135578535604,-0.11328933504003806
0.3471415992452223,2.1720135578535604,-0.11328933504003806
0.3480729915921474,2.1713524113635927,-0.11502130746032259
0.3480729915921474,2.1713524113635927,-0.11502130746032259
0.3490262500534218,2.1667420717751367,-0.11559753568836016
0.3490262500534218,2.1667420717751367,-0.11559753568836016
0.3511099953035832,2.169311216568128,-0.11814339769082574
0.3511099953035832,2.169311216568128,-0.11814339769082574
0.3532240233867126,2.169158399845473,-0.12085686428623564
0.3532240233867126,2.169158399845473,-0.12085686428623564
0.35302384431606265,2.1446532849903455,-0.11554584128344116
0.35302384431606265,2.1446532849903455,-0.11554584128344116
0.35621265265866536,2.150907716968379,-0.12045159833914784
0.35621265265866536,2.150907716968379,-0.12045159833914784
0.36040231296937025,2.151280915854357,-0.12498797473832628
0.36040231296937025,2.151280915854357,-0.12498797473832628
0.36391650991836094,2.1499029401083902,-0.12799331535880276
0.36391650991836094,2.1499029401083902,-0.12799331535880276
0.3681851311975493,2.1430611171255176,-0.12823681769103928
0.3681851311975493,2.1430611171255176,-0.12823681769103928
0.37273953044344127,2.14523995750788,-0.1309878134450946
0.37273953044344127,2.14523995750788,-0.1309878134450946
0.37737575407755314,2.138829669053214,-0.13156652496321958
0.37737575407755314,2.138829669053214,-0.13156652496321958
0.3813318721391663,2.1390471496331953,-0.13222197364263819
0.3813318721391663,2.1390471496331953,-0.13222197364263819
0.38432457961498595,2.1305521426329417,-0.13094444330835614
0.38432457961498595,2.1305521426329417,-0.13094444330835614
0.38797344406187384,2.122000347501575,-0.12867629008468368
0.38797344406187384,2.122000347501575,-0.12867629008468368
0.39059711747290177,2.116674560363473,-0.1278098666755823
0.39059711747290177,2.116674560363473,-0.1278098666755823
0.3960815207409984,2.1107587293443353,-0.12764142266063674
0.3960815207409984,2.1107587293443353,-0.12764142266063674
0.4024718492744268,2.1085054702577937,-0.12908155603177138
0.4024718492744268,2.1085054702577937,-0.12908155603177138
0.40788679292134644,2.1101034412893043,-0.13034904827795352
0.40788679292134644,2.1101034412893043,-0.13034904827795352
0.41423712034876276,2.1060967692065264,-0.13347365677446085
0.41423712034876276,2.1060967692065264,-0.13347365677446085
0.4198010919774081,2.1064352872630407,-0.13413242816596838
0.4198010919774081,2.1064352872630407,-0.13413242816596838
0.4495679020006707,2.0147466353763384,-0.12624465942624047
0.4495679020006707,2.0147466353763384,-0.12624465942624047
0.42828410310138676,2.066691609380621,-0.1336270961211316
0.42828410310138676,2.066691609380621,-0.1336270961211316
0.43761893821174175,2.000566183074266,-0.11168575921004935
0.43761893821174175,2.000566183074266,-0.11168575921004935
0.4616081047548309,1.8916907622023722,-0.07592851548175626
0.4616081047548309,1.8916907622023722,-0.07592851548175626
0.45122833836649506,1.8773644569776642,-0.07324421880089474
0.45122833836649506,1.8773644569776642,-0.07324421880089474
0.4558582277690691,1.8340405292271666,-0.062446173982347794
0.4558582277690691,1.8340405292271666,-0.062446173982347794
0.47517941275006303,1.7904458146655846,-0.054731850813657036
0.47517941275006303,1.7904458146655846,-0.054731850813657036
0.5068265350667731,1.7323840819042926,-0.045868428876896974
0.5068265350667731,1.7323840819042926,-0.045868428876896974
0.6185214238123161,1.6052417569227193,-0.06327171054479812
0.6235794812357491,1.5885600016095933,-0.060820913083989805
0.6235794812357491,1.5885600016095933,-0.060820913083989805
0.6235794812357491,1.5885600016095933,-0.060820913083989805
0.6474340236660886,1.5191879798853114,-0.04110855636984853
0.6474340236660886,1.5191879798853114,-0.04110855636984853
0.7120716893924165,1.35615829181875,-0.0009600513208673031
0.7120716893924165,1.35615829181875,-0.0009600513208673031
0.7248884429020087,1.3072330094150841,0.007378836792774193
0.7879841137152374,1.1383625998867397,0.04750901446139168
0.7879841137152374,1.1383625998867397,0.04750901446139168
0.7879841137152374,1.1383625998867397,0.04750901446139168
0.805054780939009,1.0460608296229037,0.059718827182609714
0.805054780939009,1.0460608296229037,0.059718827182609714
0.8163572626447662,0.9682911282938823,0.05095382747551257
0.8163572626447662,0.9682911282938823,0.05095382747551257
0.8457272721088253,0.8822752652788041,0.05454788272629723
0.8457272721088253,0.8822752652788041,0.05454788272629723
0.8918058563554677,0.7232693271855448,0.048541363619434515
0.9016158022162968,0.6931314376747791,0.047283035063434176
0.9016158022162968,0.6931314376747791,0.047283035063434176
0.9016158022162968,0.6931314376747791,0.047283035063434176
0.9269571536520919,0.6451835439477709,0.04564109065279861
0.9561895888133704,0.5830048402489444,0.05033006697664636
0.9561895888133704,0.5830048402489444,0.05033006697664636
0.9561895888133704,0.5830048402489444,0.05033006697664636
0.9697310478271097,0.5557291537906194,0.05591547604614513
0.9763306663121669,0.5484872511010107,0.05820783260419098
0.9763306663121669,0.5484872511010107,0.05820783260419098
0.9831764955093911,0.5351078402937469,0.06181440923316306
0.9831764955093911,0.5351078402937469,0.06181440923316306
0.9883899151460878,0.5217113018545299,0.07126574135414666
0.9883899151460878,0.5217113018545299,0.07126574135414666
0.9899082651537893,0.5180121948425438,0.07458296222405625
