-0.001794582,-0.007567840000000004,0.014273786799999999,84.0
-0.0019152519999999951,-0.0075425740000000015,0.0142336372,100.0
-0.000564015999999995,-0.00027265000000000763,-0.0002144811999999996,117.0
-0.000564015999999995,-0.00027265000000000763,-0.0002144811999999996,134.0
-0.0002133819999999953,1.7111999999996908e-05,-0.00011744479999999946,151.0
-0.0003335439999999967,-4.022799999999771e-05,-0.0002591127999999998,166.0
-0.00021287400000000178,-6.549399999999928e-05,-0.00021896319999999969,184.0
-0.0004211580000000048,-0.0003788159999999929,-0.0005459780000000025,200.0
-0.0004211580000000048,-0.0003788159999999929,-0.0005459780000000025,217.0
-0.0005401480000000014,-0.00042161399999999236,-0.0006578440000000018,233.0
-0.0004971300000000012,-0.0003089360000000041,-0.0008973599999999998,252.0
-0.0004971300000000012,-0.0003089360000000041,-0.0008973599999999998,267.0
-0.00019613399999999782,1.2539999999994222e-05,-0.0004930499999999977,284.0
-0.000611921999999998,0.0008440959999999942,-0.0013067251999999974,300.0
-0.0004929320000000015,0.0008868939999999937,-0.001194859199999998,317.0
-0.00044421000000000044,0.000989724000000003,-0.0015492439999999995,333.0
0.0002539920000000029,0.0026238800000000007,-0.003293896000000002,351.0
0.0002539920000000029,0.0026238800000000007,-0.003293896000000002,368.0
0.0014767260000000005,0.002560270000000009,-0.004136990800000001,385.0
0.0014767260000000005,0.002560270000000009,-0.004136990800000001,400.0
0.0015051480000000006,0.0024021020000000058,-0.003401422000000001,417.0
0.005613179999999995,-0.00545175,-0.012403012,434.0
0.005613179999999995,-0.00545175,-0.012403012,451.0
0.004635412,0.004821387999999993,-0.005441762,467.0
0.00631776,0.005953445999999996,-0.007156753999999999,485.0
0.00631776,0.005953445999999996,-0.007156753999999999,501.0
0.001511526000000002,0.012173142000000003,0.003589488000000002,518.0
0.0038215040000000033,0.013538694,0.0016871460000000005,533.0
0.008915374,0.0034170560000000016,-0.006942034000000002,550.0
0.007233026000000001,0.002284997999999999,-0.005227042000000004,566.0
0.008380408,0.0025361120000000014,-0.006434680000000003,584.0
0.008380408,0.0025361120000000014,-0.006434680000000003,600.0
0.006070429999999999,0.0011705600000000039,-0.004532338000000002,616.0
0.003915331999999999,0.0006521800000000022,-0.003701447999999996,632.0
0.00507107,0.001145748000000002,-0.004458379999999995,650.0
0.003923688,0.0008946339999999997,-0.0032507419999999953,666.0
0.003923688,0.0008946339999999997,-0.0032507419999999953,684.0
0.011889133999999999,0.0031581219999999967,-0.0058379159999999986,701.0
0.009121184000000001,0.0027570559999999964,-0.003344106000000002,716.0
0.0177521234,-0.003255920000000001,-0.00475931,733.0
0.0177521234,-0.003255920000000001,-0.00475931,750.0
0.0208573376,-0.002715516000000001,-0.005199908000000003,766.0
0.0128918916,-0.004979003999999998,-0.002612734,784.0
0.009045717200000001,0.0011962260000000003,-0.0015656000000000003,800.0
-0.0007409602,0.006715633999999998,0.0006065359999999964,816.0
0.0007394046000000001,0.007011005999999998,0.0005241859999999988,833.0
-0.0023658096,0.006470601999999997,0.0009647840000000018,850.0
-0.0004682868,0.007586001999999997,0.000720643999999998,866.0
0.0058339863999999995,0.0022290980000000014,0.0003323080000000034,884.0
0.0058339863999999995,0.0022290980000000014,0.0003323080000000034,900.0
0.004353621599999999,0.0019337260000000024,0.00041465800000000107,917.0
0.007057737999999999,0.0031263199999999993,0.0014104840000000007,933.0
0.0051602152,0.0020109199999999994,0.0016546240000000045,950.0
0.0050889404,0.0025726939999999978,0.0016225339999999977,966.0
0.0050889404,0.0025726939999999978,0.0016225339999999977,984.0
0.0096396364,0.003182224,0.003370476,1000.0
0.013892270000000002,0.002058848000000002,0.005031251999999997,1017.0
0.013892270000000002,0.002058848000000002,0.005031251999999997,1033.0
0.011507446000000001,0.0006787480000000013,0.004404543999999999,1050.0
0.012291597999999999,0.0009295460000000033,0.0047677519999999975,1066.0
0.007740901999999999,0.00032001600000000077,0.003019809999999995,1084.0
0.0020170439999999982,0.0027716999999999993,0.0006078240000000013,1100.0
-0.003096056,0.008630100000000002,-0.004133271999999999,1117.0
-0.003096056,0.008630100000000002,-0.004133271999999999,1133.0
-0.0038802079999999987,0.008379302,-0.004496479999999997,1150.0
-0.003131908,0.007859594799999998,-0.003382349999999995,1166.0
-0.004364799999999999,0.0053386928,-0.003626965999999998,1185.0
0.01634351,-0.005954900000000002,0.01076045,1200.0
0.01634351,-0.005954900000000002,0.01076045,1217.0
0.016659944,-0.006239707999999999,0.010757590000000001,1233.0
0.016228456,-0.0063251787999999975,0.009756613999999997,1251.0
0.016228456,-0.0063251787999999975,0.009756613999999997,1266.0
0.0006332459999999984,-0.0008899859999999982,0.00011029399999999967,1284.0
-0.005802143999999998,0.001974214000000002,-0.006956099999999998,1300.0
-0.006118577999999997,0.0022590219999999994,-0.006953239999999999,1317.0
-0.006454151999999996,0.002843928000000001,-0.007319500000000001,1333.0
-0.006651067999999999,0.002857554000000001,-0.008416509999999999,1350.0
-0.006651067999999999,0.002857554000000001,-0.008416509999999999,1367.0
-0.00024900800000000054,-0.00015587800000000374,-0.001850795999999999,1384.0
-0.00024900800000000054,-0.00015587800000000374,-0.001850795999999999,1400.0
-0.00023024600000000063,-0.00013560600000000477,-0.001597689999999996,1416.0
9.696399999999938e-05,-6.978000000001927e-06,-0.0009676940000000022,1432.0
9.696399999999938e-05,-6.978000000001927e-06,-0.0009676940000000022,1450.0
0.00033313399999999606,0.00027033399999999984,-0.0012750620000000045,1466.0
0.00033313399999999606,0.00027033399999999984,-0.0012750620000000045,1484.0
0.000632874,-0.0009042039999999973,-0.00170226,1500.0
0.0005025800000000025,-0.0010464580000000001,-0.0012352459999999954,1516.0
0.0008229440000000032,-0.0011201400000000028,-0.001467419999999997,1532.0
0.0020652000000000005,-0.0020580319999999987,-0.002216243999999995,1551.0
0.0020652000000000005,-0.0020580319999999987,-0.002216243999999995,1566.0
0.0017654599999999965,-0.0008834940000000014,-0.0017890459999999996,1583.0
0.005814076000000001,-0.0011977300000000023,-0.001647902000000001,1599.0
0.005493712,-0.0011240479999999997,-0.0014157279999999993,1616.0
0.000660862000000001,-0.009699195999999998,0.010107611999999998,1633.0
0.006392426000000001,-0.0010898719999999974,-0.0009500020000000053,1650.0
0.006392426000000001,-0.0010898719999999974,-0.0009500020000000053,1666.0
0.0023615959999999992,-0.0007771619999999979,-0.001229572000000001,1684.0
0.0023615959999999992,-0.0007771619999999979,-0.001229572000000001,1700.0
0.006491304000000003,0.008625144000000001,-0.011374044,1716.0
0.0007597400000000032,1.5819999999999723e-05,-0.0003164299999999953,1733.0
0.0007597400000000032,1.5819999999999723e-05,-0.0003164299999999953,1750.0
0.004703521999999999,-0.000875115999999998,0.0052880759999999975,1766.0
0.004703521999999999,-0.000875115999999998,0.0052880759999999975,1783.0
0.003852158,-0.00018125800000000082,0.00015673599999999622,1800.0
0.003852158,-0.00018125800000000082,0.00015673599999999622,1818.0
0.0030717539999999986,0.0005336320000000006,0.00030431799999999787,1833.0
-0.0008898139999999998,0.001426094,-0.005161761999999998,1851.0
-0.0008695300000000017,0.0013017420000000003,-0.0024751179999999984,1866.0
-0.000760120000000003,0.0005905380000000016,0.002834226000000001,1884.0
-0.0012337280000000006,0.0007617900000000011,0.001679516000000003,1900.0
-0.0004533239999999994,4.689999999999972e-05,0.0015319340000000015,1917.0
0.0013557859999999977,-0.0015153059999999997,0.000608396,1934.0
0.0013355019999999995,-0.0013909539999999998,-0.002078247999999999,1950.0
0.001350492000000003,-0.0015989600000000047,-0.002201557999999998,1966.0
0.0018241000000000008,-0.0017702120000000043,-0.0010468480000000002,1983.0
0.000748985999999996,-0.0013214040000000039,-0.0013595100000000026,1999.0
-0.0010601240000000013,0.00024080199999999553,-0.00043597200000000116,2017.0
0.00023823199999999933,-0.00021128400000000047,-0.001334858,2033.0
0.00022324199999999573,-3.2779999999954512e-06,-0.001211548000000001,2051.0
0.0001826459999999974,-0.000449179999999999,-0.0011680599999999985,2066.0
0.0012577600000000023,-0.0008979879999999995,-0.0008553979999999961,2084.0
-0.0001778359999999979,0.0002981780000000045,-0.0007642260000000012,2100.0
-0.0014761919999999984,0.0007502640000000005,0.00013465999999999755,2117.0
-0.0018874159999999972,0.0010467699999999968,-3.037399999999968e-05,2133.0
-0.001846819999999999,0.0014926720000000004,-7.386200000000231e-05,2151.0
-0.000802332,0.0009388960000000002,-0.0008833880000000017,2167.0
0.000633264,-0.0002572700000000039,-0.0009745599999999965,2184.0
-0.0010997939999999983,-0.0008724060000000033,-0.002281713999999996,2199.0
-0.0006885699999999995,-0.0011689119999999998,-0.0021166799999999984,2216.0
-0.0013741959999999998,-0.0011726199999999964,-0.002513122000000001,2233.0
-0.0024186839999999986,-0.0006188439999999962,-0.0017035960000000017,2251.0
-0.009783852,-0.003312293999999999,-0.00016818200000000006,2266.0
-0.008050794,-0.0026971579999999994,0.0011389719999999992,2284.0
-0.003239274000000003,0.0013070560000000009,-0.0016011720000000007,2300.0
-0.002553648000000003,0.0013107639999999977,-0.0012047299999999983,2316.0
-0.002653416000000003,0.0009613159999999954,-0.0010083679999999984,2333.0
0.007382213999999998,0.0038232060000000013,-0.002552650000000001,2350.0
0.007382213999999998,0.0038232060000000013,-0.002552650000000001,2366.0
0.0034487480000000015,-0.00017407199999999734,0.00030026400000000006,2383.0
0.0034487480000000015,-0.00017407199999999734,0.00030026400000000006,2400.0
0.0021347240000000045,0.0015884580000000037,-0.001074172000000001,2417.0
-0.0005357379999999968,0.0014200180000000008,-0.0010653040000000002,2433.0
-0.0005357379999999968,0.0014200180000000008,-0.0010653040000000002,2450.0
-0.0015442979999999995,0.0013937459999999956,-0.0012376300000000006,2466.0
-0.0015442979999999995,0.0013937459999999956,-0.0012376300000000006,2484.0
-0.00015937200000000208,5.167999999999839e-06,-9.002599999999861e-05,2499.0
-0.00015937200000000208,5.167999999999839e-06,-9.002599999999861e-05,2517.0
-0.00016759199999999975,5.357999999999752e-06,-9.045599999999987e-05,2533.0
-3.7085999999997286e-05,2.469400000000288e-05,-3.090000000000037e-05,2550.0
-0.00015360600000000058,8.606999999999921e-05,-3.2712000000001404e-05,2565.0
-0.0005084220000000028,-0.0006241759999999985,0.0002155779999999996,2583.0
-0.0005084220000000028,-0.0006241759999999985,0.0002155779999999996,2599.0
-0.0005002020000000051,-0.0006243659999999984,0.00021600800000000088,2616.0
0.0010487799999999992,-0.0015899300000000005,0.0011663440000000025,2633.0
0.0011653000000000024,-0.001651305999999997,0.0011681560000000035,2650.0
0.00028011200000000456,-0.001349610000000001,0.0009473799999999977,2666.0
-0.00012086599999999725,-0.0009945900000000007,0.0007609360000000009,2684.0
-0.00012086599999999725,-0.0009945900000000007,0.0007609360000000009,2700.0
-0.0016698480000000016,-2.9025999999998665e-05,-0.00018940000000000067,2716.0
-0.0016709080000000044,0.00036416400000000015,-0.00039801600000000104,2734.0
-0.00040203800000000457,0.0007482099999999992,-0.0003950599999999971,2750.0
-0.000437932000000002,3.336599999999579e-05,-0.00011582400000000326,2766.0
-0.000437932000000002,3.336599999999579e-05,-0.00011582400000000326,2783.0
0.001362627999999999,0.00015344399999999702,0.00017194799999999954,2799.0
0.0013636880000000018,-0.00023974600000000178,0.0003805639999999999,2816.0
0.00044643800000000456,-4.2942000000001365e-05,0.00026407199999999855,2833.0
0.0008833100000000038,0.0003168820000000017,0.00017128000000000144,2850.0
0.0007773279999999993,0.0006349020000000038,-0.0001344679999999987,2865.0
-0.0010232320000000017,0.0005148240000000026,-0.0004222400000000015,2883.0
-0.0010574699999999992,0.000575340000000002,-0.0004528040000000011,2899.0
-0.00014022000000000202,0.0003785360000000015,-0.00033631199999999974,2916.0
-0.001291716000000004,-0.00037636799999999916,-1.7070000000002362e-05,2934.0
-0.0011857339999999995,-0.0006943880000000013,0.0002886779999999978,2950.0
-0.000863421999999997,-9.494000000004333e-06,-3.6719999999990096e-06,2965.0
-0.0008291839999999995,-7.001000000000367e-05,2.6892000000000582e-05,2984.0
-0.0005993540000000019,0.0008126099999999969,-0.00045952799999999795,2999.0
0.0005567500000000003,0.00156926,-0.0007754799999999951,3016.0
0.0005567500000000003,0.00156926,-0.0007754799999999951,3034.0
0.00023443799999999792,0.0008843660000000031,-0.0004831299999999983,3050.0
0.00025833799999999685,0.0008866180000000001,-0.0004765020000000009,3066.0
2.850799999999931e-05,3.997999999999502e-06,9.917999999997651e-06,3084.0
-0.00035157999999999576,-0.00022587800000000157,0.00020599399999999824,3099.0
-0.00035157999999999576,-0.00022587800000000157,0.00020599399999999824,3116.0
-0.00035838599999999944,-0.00019722600000000035,0.00017628599999999772,3133.0
-0.00038228599999999834,-0.00019947799999999737,0.00016965800000000032,3150.0
-0.0003822739999999991,-0.00018825999999999565,0.00014862999999999958,3166.0
2.3639999999996995e-05,0.00023995400000000332,-0.00017342599999999874,3184.0
2.3639999999996995e-05,0.00023995400000000332,-0.00017342599999999874,3200.0
3.044600000000064e-05,0.0002113020000000021,-0.00014371799999999825,3216.0
5.614200000000347e-05,0.00024914799999999906,-0.00016403200000000284,3232.0
5.6130000000004235e-05,0.0002379299999999973,-0.00014300400000000213,3250.0
-0.0003957019999999978,-0.00029650200000000404,0.00030321999999999847,3266.0
-0.0003957019999999978,-0.00029650200000000404,0.00030321999999999847,3284.0
0.00506394,-0.00030952800000000336,0.00043234799999999907,3299.0
0.005038243999999997,-0.0003473740000000003,0.0004526620000000037,3316.0
0.005579607999999997,-0.00033110799999999663,0.0005546100000000054,3332.0
0.006001005999999998,3.2400000000043507e-06,0.00023107600000000228,3350.0
0.0030378619999999966,0.00020693600000000202,-0.00021695999999999939,3366.0
-0.0023721099999999993,1.252600000000159e-05,-0.00014405200000000006,3384.0
-0.0023721099999999993,1.252600000000159e-05,-0.00014405200000000006,3399.0
-0.0029134739999999992,-3.740000000002075e-06,-0.00024600000000000175,3416.0
-0.006108861999999998,-0.0014845900000000022,0.0005797859999999988,3432.0
-0.0031457179999999974,-0.001688286,0.0010278220000000005,3450.0
-0.003094614000000001,-0.0009704759999999979,0.0005850299999999975,3465.0
-0.003094614000000001,-0.0009704759999999979,0.0005850299999999975,3483.0
-0.0029254259999999975,0.00010395599999999949,-0.00010943400000000269,3500.0
0.000314097999999996,0.0017262100000000002,-0.0009937760000000018,3517.0
0.000314097999999996,0.0017262100000000002,-0.0009937760000000018,3532.0
0.0002211440000000009,0.0013449779999999967,-0.0008551119999999967,3549.0
0.0002211440000000009,0.0013449779999999967,-0.0008551119999999967,3566.0
5.195599999999745e-05,0.0002705459999999993,-0.00016064799999999658,3582.0
7.754000000000372e-05,0.0004991199999999973,-0.000240804,3598.0
7.754000000000372e-05,0.0004991199999999973,-0.000240804,3616.0
7.450800000000091e-05,0.0005654939999999997,-0.00021934399999999908,3633.0
7.450800000000091e-05,0.0005654939999999997,-0.00021934399999999908,3649.0
-0.004117749999999998,-0.011415156,0.008292104,3665.0
-0.004187469999999999,-0.011785133999999997,0.008430816000000002,3683.0
0.004956896,-0.005187329999999995,0.008528520000000001,3698.0
0.004952107999999999,-0.005382845999999997,0.008609151999999998,3715.0
-0.00012006199999999855,4.3206000000001185e-05,-0.0004767420000000022,3733.0
0.004072196,0.012023856,-0.008988190000000002,3749.0
0.004156978,0.010849142,-0.008718824000000003,3765.0
-0.004987387999999998,0.004251337999999999,-0.008816528,3783.0
-0.008796875999999999,-0.006425284000000003,-0.0008797180000000016,3798.0
-0.003724706,-0.011851336,0.008206175999999999,3815.0
-0.003684814000000003,-0.011903858,0.008285187999999999,3831.0
-0.0037695960000000027,-0.010729144000000001,0.008015822,3850.0
-0.014929498000000003,-0.003484056000000002,0.0063972479999999995,3865.0
-0.011120010000000003,0.007192566,-0.001539562,3882.0
0.003923277999999997,0.012061378000000001,-0.00859723,3898.0
0.003883386,0.0121139,-0.008676242,3915.0
0.004086048000000004,0.010780721999999998,-0.008238220000000001,3932.0
0.015245950000000003,0.0035356339999999984,-0.006619646000000002,3950.0
0.015212315999999998,0.004013074,-0.006715776000000001,3965.0
0.00016902799999999886,-0.0008557380000000003,0.0003418919999999992,3983.0
0.003417224000000002,-0.002161901999999999,0.0010602480000000026,3998.0
0.0032145619999999985,-0.0008287239999999974,0.0006222260000000035,4015.0
0.003584647999999996,-0.0007260619999999995,0.0007194520000000038,4031.0
0.003682810000000003,-0.0012009159999999963,0.0008159159999999999,4050.0
0.003682810000000003,-0.0012009159999999963,0.0008159159999999999,4065.0
0.00043461399999999983,0.00010524800000000223,9.755999999999654e-05,4082.0
-0.0011399739999999991,0.0008694880000000016,-0.0002242579999999994,4099.0
-0.0015100599999999964,0.0007668260000000038,-0.00032148399999999965,4115.0
-0.0007742960000000021,0.00048041999999999806,1.082400000000372e-05,4132.0
-0.0007742960000000021,0.00048041999999999806,1.082400000000372e-05,4150.0
0.00015381399999999656,7.847999999999189e-06,0.00026202200000000064,4166.0
0.0017284019999999956,-0.0007563920000000002,0.0005838399999999966,4183.0
-5.954000000000237e-05,-0.0003845480000000012,0.00047860200000000017,4199.0
-0.0008598319999999993,-0.00010072799999999993,0.00014596000000000053,4216.0
-0.0014565459999999974,0.00023635599999999868,5.7699999999993866e-06,4232.0
-0.0023846559999999963,0.0007089279999999976,-0.0002454279999999975,4250.0
-0.002652143999999995,0.0008937680000000003,-0.0003168100000000007,4266.0
-0.0008642019999999973,0.0005219240000000014,-0.00021157200000000432,4283.0
-0.0010941199999999983,-0.00014881800000000057,-8.959800000000185e-05,4299.0
-0.0004974060000000003,-0.00048590199999999916,5.05919999999993e-05,4316.0
0.0005594080000000002,-0.000389556000000002,0.000286436000000001,4332.0
0.00040392399999999995,-0.0011364980000000025,0.0004880900000000021,4351.0
0.00040392399999999995,-0.0011364980000000025,0.0004880900000000021,4366.0
0.0006338420000000011,-0.0004657560000000005,0.00036611599999999966,4382.0
6.042599999999676e-05,-0.0009578760000000019,0.0006920819999999995,4399.0
-0.0009963880000000036,-0.0010542219999999992,0.0004562379999999977,4415.0
-0.0010113240000000022,0.0006309220000000004,-7.657999999999832e-05,4431.0
-0.0010936920000000016,0.00025730999999999947,9.179200000000164e-05,4449.0
-0.0010936920000000016,0.00025730999999999947,9.179200000000164e-05,4466.0
-0.0005202759999999973,0.0007494300000000009,-0.0002341739999999981,4482.0
0.0055812540000000025,-0.004321413999999996,0.006292103999999998,4498.0
0.006019162,-0.005444455999999998,0.0066946499999999964,4515.0
0.006076514,-0.005190114000000001,0.006643437999999996,4532.0
0.006076514,-0.005190114000000001,0.006643437999999996,4549.0
0.006078605999999998,-0.005197767999999997,0.006652831999999997,4565.0
-2.2924000000001944e-05,-0.00012692400000000048,0.00012655400000000094,4583.0
-4.0321999999998195e-05,-0.0002075140000000031,0.00014586600000000006,4599.0
-1.5305999999998264e-05,-8.824399999999843e-05,2.8706000000000565e-05,4615.0
-2.155200000000246e-05,-9.219599999999994e-05,4.701600000000528e-05,4631.0
-2.3644000000000443e-05,-8.454200000000411e-05,3.762200000000382e-05,4649.0
-3.1535999999998676e-05,-7.205600000000368e-05,-4.0961999999999944e-05,4665.0
-1.4138000000002427e-05,8.533999999998931e-06,-6.027399999999905e-05,4681.0
0.00016548599999999803,-0.0001596580000000014,-8.168399999999854e-05,4700.0
0.0001717320000000022,-0.0001557059999999999,-9.999400000000324e-05,4716.0
0.00016500200000000299,-0.00015045799999999777,-8.56400000000035e-05,4732.0
0.0001728940000000012,-0.0001629439999999982,-7.055999999999729e-06,4749.0
7.705599999999758e-05,-0.00033013199999999964,5.560000000000009e-05,4765.0
-0.00010256800000000288,-0.0001619399999999993,7.700999999999958e-05,4782.0
-0.00023688600000000283,-0.00033007599999999583,0.00021653200000000262,4798.0
-0.00023015600000000357,-0.00033532399999999796,0.00020217800000000286,4816.0
-0.0009282039999999991,-0.0012782359999999992,0.0009150020000000036,4832.0
-0.0008323659999999955,-0.0011110479999999977,0.0008523460000000038,4849.0
-0.0007292559999999948,-0.0010712920000000015,0.0008621219999999985,4865.0
-0.0005949379999999948,-0.000903156000000005,0.0007225999999999954,4882.0
-0.00044001999999999654,-0.0008016420000000024,0.0005086900000000006,4899.0
0.000258027999999999,0.0001412699999999989,-0.00020413400000000027,4915.0
0.0005787899999999957,0.0005041899999999988,-0.0005886080000000015,4933.0
0.000475679999999995,0.00046443400000000245,-0.0005983839999999963,4953.0
-0.0008735720000000002,0.005010420000000004,-0.0064895159999999955,4968.0
-0.0038179999999999993,0.0030474080000000014,-0.0055892460000000034,4986.0
-0.0038179999999999993,0.0030474080000000014,-0.0055892460000000034,5002.0
-0.0041387619999999955,0.0026844880000000014,-0.005204772000000002,5017.0
-0.0008898019999999951,-0.0010301180000000022,0.0006029139999999989,5034.0
0.00045945000000000014,-0.005576104000000004,0.006494045999999998,5053.0
-0.002299045999999999,0.005198491999999999,-0.0022374159999999977,5069.0
-0.0022958460000000016,0.005230757999999997,-0.0022622580000000005,5085.0
-0.0022958460000000016,0.005230757999999997,-0.0022622580000000005,5101.0
-0.005544806000000002,0.008945364,-0.008069944,5119.0
-0.006253278000000001,0.007648412000000005,-0.0077576639999999975,5134.0
-0.003671574000000005,-0.011901918000000001,0.006252289999999999,5152.0
-0.003674774000000003,-0.011934183999999997,0.006277132000000002,5168.0
-0.003674774000000003,-0.011934183999999997,0.006277132000000002,5187.0
-0.0012911359999999983,-0.0021707399999999987,0.0011987200000000032,5203.0
-0.0008748160000000005,-0.0007321180000000038,0.0008870599999999951,5219.0
0.0020914860000000035,0.009905113999999998,-0.005077792000000003,5236.0
0.007360994000000004,0.0013465159999999977,-1.1440000000029205e-06,5254.0
0.007360994000000004,0.0013465159999999977,-1.1440000000029205e-06,5270.0
0.0009291820000000006,-0.006734962,0.004014967999999996,5286.0
0.0012213340000000017,-0.006876631999999999,0.004014348000000001,5303.0
-0.0007665120000000025,-0.002766063999999996,0.0007225520000000041,5319.0
-0.006036020000000003,0.0057925340000000046,-0.0043540959999999965,5336.0
-0.007076090000000002,0.006198990000000004,-0.004732228,5354.0
-0.003027916000000003,0.004517024000000003,-0.0036699280000000003,5369.0
-0.003027916000000003,0.004517024000000003,-0.0036699280000000003,5385.0
-0.00787255,0.004067613999999997,-0.002728748000000003,5401.0
-0.00787255,0.004067613999999997,-0.002728748000000003,5418.0
-0.008923012000000003,0.0028646479999999974,-0.0030115599999999965,5434.0
-0.013523012000000001,0.0011199599999999975,-0.006378459999999997,5451.0
-0.013523012000000001,0.0011199599999999975,-0.006378459999999997,5467.0
-0.010679972,-0.0031048679999999993,-0.007319545999999994,5485.0
-0.010679972,-0.0031048679999999993,-0.007319545999999994,5501.0
-0.008589439999999999,-0.002308357999999999,-0.006658601999999997,5518.0
-0.012001258599999998,-0.005683490000000002,0.0008626479999999992,5534.0
-0.0136002754,-0.003939651999999999,0.0009531019999999945,5552.0
-0.0096108354,-0.0033759819999999996,0.004244803999999991,5568.0
-0.013157127,-0.005136626,0.002760549999999995,5584.0
-0.013157127,-0.005136626,0.002760549999999995,5601.0
-0.0051453084,-1.680599999999699e-05,-0.0013938000000000006,5618.0
-0.013173121199999999,-0.003172606,-0.0007372379999999956,5634.0
-0.013173121199999999,-0.003172606,-0.0007372379999999956,5651.0
-0.014124183000000002,-0.0018212000000000007,0.0005986240000000031,5667.0
-0.014124183000000002,-0.0018212000000000007,0.0005986240000000031,5685.0
-0.0181463002,-0.002192322000000002,0.001999759999999995,5701.0
-0.008519470599999999,-0.0007803600000000022,0.0012527439999999944,5718.0
-0.015167823399999999,-0.0022138959999999986,0.004622078000000002,5734.0
-0.014396712,-0.0026738019999999973,0.007494495999999995,5751.0
-0.014396712,-0.0026738019999999973,0.007494495999999995,5767.0
-0.018509178799999998,-0.004779913999999996,0.012438728000000005,5784.0
-0.018509178799999998,-0.004779913999999996,0.012438728000000005,5801.0
-0.013972134,-0.005672344000000001,0.01183939,5818.0
-0.010245892000000001,-0.004803200000000002,0.009115364000000004,5834.0
-0.010245892000000001,-0.004803200000000002,0.009115364000000004,5851.0
-0.005477012000000003,-0.0026944520000000026,0.007497406000000001,5867.0
-0.005477012000000003,-0.0026944520000000026,0.007497406000000001,5883.0
-0.006095235999999999,-0.0010182919999999983,0.008777617999999997,5899.0
-0.006095235999999999,-0.0010182919999999983,0.008777617999999997,5919.0
-0.0061039920000000025,-0.0017703040000000003,0.011622523999999999,5933.0
-0.0033920099999999952,-0.0014460240000000013,0.011961032,5950.0
-0.0033920099999999952,-0.0014460240000000013,0.011961032,5967.0
-0.0005743680000000028,-0.0010043040000000004,0.010184908000000001,5983.0
-0.0005743680000000028,-0.0010043040000000004,0.010184908000000001,6000.0
-0.00012120800000000043,2.9096000000000678e-05,0.009371519,6017.0
0.000532513999999995,7.330200000000287e-05,0.004305601000000001,6034.0
0.0006411059999999969,0.0005053860000000021,0.00698266,6051.0
0.000552996,0.0007134719999999983,0.004708575999999999,6068.0
0.0009087720000000021,0.0005602820000000008,0.007436465999999998,6084.0
0.0004643680000000039,0.00027889400000000175,0.005404948999999999,6102.0
0.0004643680000000039,0.00027889400000000175,0.005404948999999999,6118.0
0.000656608000000003,-0.00034215799999999795,0.004389572,6133.0
0.000656608000000003,-0.00034215799999999795,0.004389572,6151.0
0.0005316399999999999,-0.00030275000000000164,0.002461576600000001,6167.0
0.0005316399999999999,-0.00030275000000000164,0.002461576600000001,6184.0
0.0007297419999999999,-0.0009090060000000067,0.003828621000000001,6200.0
0.00042890999999999904,-0.0007200380000000062,0.0021669390000000005,6218.0
0.0006600379999999961,-0.0005266340000000036,0.0030750278,6234.0
0.0005365679999999983,-0.0007857400000000015,0.0033619879999999998,6251.0
0.0005365679999999983,-0.0007857400000000015,0.0033619879999999998,6269.0
0.0003914059999999997,-0.00010691999999999924,0.0024504662,6286.0
0.0003914059999999997,-0.00010691999999999924,0.0024504662,6303.0
-6.312599999999668e-05,-0.0006161680000000003,0.0020633220000000002,6320.0
-0.00017046399999999794,-0.00024328000000000126,0.0009764671999999998,6337.0
-0.000642261999999999,-0.0005965639999999994,0.0016720772399999996,6353.0
-0.0006952020000000003,-0.0006691279999999966,0.0012165546399999997,6371.0
-0.0009523039999999982,-0.001070663999999999,0.0015036105999999998,6387.0
-0.000728899999999999,-0.0007548200000000004,0.0009826659999999999,6405.0
-0.0009909360000000035,-0.001711083999999996,0.0012813567999999998,6420.0
-0.0005191380000000023,-0.001357799999999998,0.00058574676,6438.0
-0.0005191380000000023,-0.001357799999999998,0.00058574676,6453.0
-0.0005153960000000013,-0.001158811999999998,0.0004981041199999999,6468.0
-0.0009608200000000011,-0.0011945859999999975,0.00088858606,6485.0
-0.0006987839999999968,-0.0002383220000000019,0.00058989526,6501.0
-0.0012606359999999984,-0.0005850660000000007,0.000806522384,6519.0
-0.0012606359999999984,-0.0005850660000000007,0.000806522384,6535.0
-0.0010072760000000014,-0.00038251799999999836,0.0006071090640000001,6552.0
-0.0009359759999999995,-0.0004053740000000028,0.000423526766,6570.0
-0.0016622440000000015,-0.0008022199999999979,0.00065455436,6586.0
-0.001100392,-0.0004554759999999991,0.00043792723600000004,6607.0
-0.0016029379999999982,-0.0008646380000000064,0.000802421576,6621.0
-0.0016029379999999982,-0.0008646380000000064,0.000802421576,6637.0
-0.0014037420000000023,-0.000940580000000002,0.000685739514,6653.0
-0.0006774740000000002,-0.0005437340000000069,0.00045471191999999996,6669.0
-0.0011467539999999998,-0.0012531100000000017,0.0004850864599999999,6686.0
-0.0006442080000000017,-0.0008439479999999943,0.00012059211999999997,6702.0
-0.0007579219999999997,-0.002257882,0.00029468536,6718.0
-0.0005829939999999978,-0.0021233100000000006,0.00020446778000000003,6735.0
-0.0006365239999999994,-0.002081635999999998,0.00022916793999999997,6752.0
-0.00016724399999999972,-0.001372260000000003,0.00019879340000000003,6771.0
-0.00016724399999999972,-0.001372260000000003,0.00019879340000000003,6786.0
-7.848800000000433e-05,1.7070000000007912e-05,1.7309179999999877e-05,6802.0
-7.848800000000433e-05,1.7070000000007912e-05,1.7309179999999877e-05,6819.0
9.416800000000002e-05,-0.00016987199999999315,3.0279119999999937e-05,6835.0
9.322600000000181e-05,-0.0001226779999999983,4.701611999999994e-05,6852.0
9.322600000000181e-05,-0.0001226779999999983,4.701611999999994e-05,6869.0
0.00023262600000000243,-0.0004630679999999998,9.698870000000009e-05,6886.0
0.00023262600000000243,-0.0004630679999999998,9.698870000000009e-05,6904.0
0.0052809,0.008621771999999995,-0.0172787672,6922.0
0.0052818419999999975,0.008574578,-0.0172955042,6937.0
0.005361089999999996,0.008784956,-0.0171019554,6952.0
0.005246647999999998,0.009149949999999995,-0.017144537,6968.0
0.005302620000000003,0.009137939999999994,-0.0171435358,6985.0
0.00013522000000000257,0.00019836799999999876,0.0001945499999999989,7003.0
0.00013522000000000257,0.00019836799999999876,0.0001945499999999989,7019.0
5.888600000000244e-05,-0.0001508239999999994,0.00023345919999999965,7035.0
5.888600000000244e-05,-0.0001508239999999994,0.00023345919999999965,7052.0
6.735399999999725e-05,-0.00017531799999999652,0.00019645699999999987,7071.0
0.00015081399999999912,-0.000202213999999995,0.00013012900000000104,7086.0
0.00015081399999999912,-0.000202213999999995,0.00013012900000000104,7101.0
0.00016512599999999878,6.754000000003258e-06,-0.00010537999999999936,7118.0
0.00016512599999999878,6.754000000003258e-06,-0.00010537999999999936,7134.0
9.470200000000206e-05,6.7239999999968434e-06,5.316700000000119e-05,7152.0
1.1242000000000197e-05,3.361999999999532e-05,0.00011949500000000002,7167.0
