0.81530833,0.40010428,-2.8114395,262
-0.18469167,0.40010428,-2.8114395,262
-0.18469167,0.40010428,-2.8114395,262
-0.18469167,0.40010428,-2.8114395,279
-0.18469167,1.4001043,-2.8114395,279
-0.18469167,0.40010428,-1.8114395,279
-0.18469167,0.40010428,-2.8114395,296
-0.18469167,0.40010428,-2.8114395,296
-0.18469167,0.40010428,-1.8114395,296
-0.18469167,0.40010428,-2.8114395,313
-0.18469167,0.40010428,-2.8114395,313
-0.18469167,0.40010428,-2.8114395,313
-0.18469167,0.40010428,-2.8114395,330
-0.18469167,0.40010428,-2.8114395,330
-0.18469167,0.40010428,-2.8114395,330
-0.18469167,0.40010428,-2.8114395,349
-0.18469167,0.40010428,-2.8114395,349
-0.18469167,0.40010428,-2.8114395,349
-0.18469167,0.40010428,-2.8114395,363
-0.18469167,0.40010428,-2.8114395,363
-0.18469167,0.40010428,-2.8114395,363
-0.18469167,0.40010428,-2.8114395,380
-0.18469167,0.40010428,-2.8114395,380
-0.18469167,0.40010428,-2.8114395,380
-0.18469167,0.40010428,-2.8114395,396
-0.18469167,0.40010428,-2.8114395,396
-0.18469167,0.40010428,-2.8114395,396
0.81530833,0.40010428,-2.8114395,412
-0.18469167,0.40010428,-2.8114395,412
-0.18469167,0.40010428,-2.8114395,412
-0.18469167,0.40010428,-2.8114395,429
-0.18469167,1.4001043,-2.8114395,429
-0.18469167,0.40010428,-1.8114395,429
-0.18469167,0.40010428,-2.8114395,446
-0.18469167,0.40010428,-2.8114395,446
-0.18469167,0.40010428,-2.8114395,446
-0.18469167,0.40010428,-2.8114395,463
-0.18469167,0.40010428,-2.8114395,463
-0.18469167,0.40010428,-2.8114395,463
-0.18469167,0.40010428,-2.8114395,479
-0.18469167,0.40010428,-2.8114395,479
-0.18469167,0.40010428,-2.8114395,479
-0.18469167,0.40010428,-2.8114395,497
-0.18469167,0.40010428,-2.8114395,497
-0.18469167,0.40010428,-2.8114395,497
-0.18469167,0.40010428,-2.8114395,514
-0.18469167,0.40010428,-2.8114395,514
-0.18469167,0.40010428,-2.8114395,514
0.81530833,0.40010428,-2.8114395,530
-0.18469167,0.40010428,-2.8114395,530
-0.18469167,0.40010428,-2.8114395,530
-0.18469167,0.40010428,-2.8114395,546
-0.18469167,0.40010428,-2.8114395,546
-0.18469167,0.40010428,-1.8114395,546
-0.18469167,0.40010428,-2.8114395,564
-0.18469167,0.40010428,-2.8114395,564
-0.18469167,0.40010428,-1.8114395,564
-0.18469167,0.40010428,-2.8114395,579
-0.18469167,0.40010428,-2.8114395,579
-0.18469167,0.40010428,-2.8114395,579
-0.18469167,0.40010428,-2.8114395,598
-0.18469167,0.40010428,-2.8114395,598
-0.18469167,0.40010428,-2.8114395,598
-0.18469167,0.40010428,-2.8114395,613
-0.18469167,0.40010428,-2.8114395,613
-0.18469167,0.40010428,-2.8114395,613
-0.18469167,0.40010428,-2.8114395,629
-0.18469167,0.40010428,-2.8114395,629
-0.18469167,0.40010428,-2.8114395,629
-0.18469167,0.40010428,-2.8114395,646
-0.18469167,0.40010428,-2.8114395,646
-0.18469167,0.40010428,-2.8114395,646
-0.18469167,0.40010428,-2.8114395,663
-0.18469167,0.40010428,-2.8114395,663
-0.18469167,0.40010428,-2.8114395,663
-0.18469167,0.40010428,-2.8114395,681
-0.18469167,0.40010428,-2.8114395,681
-0.18469167,0.40010428,-2.8114395,681
-0.18469167,0.40010428,-2.8114395,697
-0.18469167,0.40010428,-2.8114395,697
-0.18469167,0.40010428,-2.8114395,697
-0.18469167,0.40010428,-2.8114395,714
-0.18469167,0.40010428,-2.8114395,714
-0.18469167,0.40010428,-2.8114395,714
-0.18469167,0.40010428,-2.8114395,730
-0.18469167,0.40010428,-2.8114395,730
-0.18469167,0.40010428,-2.8114395,730
-0.18469167,0.40010428,-2.8114395,746
-0.18469167,0.40010428,-2.8114395,746
-0.18469167,0.40010428,-2.8114395,746
-0.18469167,0.40010428,-2.8114395,764
-0.18469167,0.40010428,-2.8114395,764
-0.18469167,0.40010428,-2.8114395,764
-0.18469167,0.40010428,-2.8114395,780
-0.18469167,0.40010428,-2.8114395,780
-0.18469167,0.40010428,-2.8114395,780
-0.18469167,0.40010428,-2.8114395,797
-0.18469167,0.40010428,-2.8114395,797
-0.18469167,0.40010428,-2.8114395,797
-0.18469167,0.40010428,-2.8114395,813
-0.18469167,0.40010428,-2.8114395,813
-0.18469167,0.40010428,-2.8114395,813
-0.18469167,0.40010428,-2.8114395,830
-0.18469167,0.40010428,-2.8114395,830
-0.18469167,0.40010428,-2.8114395,830
-0.18469167,0.40010428,-2.8114395,846
-0.18469167,0.40010428,-2.8114395,846
-0.18469167,0.40010428,-2.8114395,846
-0.18469167,0.40010428,-2.8114395,863
-0.18469167,1.4001043,-2.8114395,863
-0.18469167,0.40010428,-2.8114395,863
-0.18469167,0.40010428,-2.8114395,879
-0.18469167,0.40010428,-2.8114395,879
-0.18469167,0.40010428,-2.8114395,879
-0.18469167,0.40010428,-2.8114395,897
-0.18469167,0.40010428,-2.8114395,897
-0.18469167,0.40010428,-2.8114395,897
-0.18469167,0.40010428,-2.8114395,913
-0.18469167,0.40010428,-2.8114395,913
-0.18469167,0.40010428,-2.8114395,913
-0.18469167,0.40010428,-2.8114395,931
-0.18469167,0.40010428,-2.8114395,931
-0.18469167,0.40010428,-2.8114395,931
-0.18469167,0.40010428,-2.8114395,948
-0.18469167,0.40010428,-2.8114395,948
-0.18469167,0.40010428,-2.8114395,948
-0.18469167,0.40010428,-2.8114395,966
-0.18469167,0.40010428,-2.8114395,966
-0.18469167,0.40010428,-2.8114395,966
0.81530833,0.40010428,-2.8114395,981
-0.18469167,0.40010428,-2.8114395,981
-0.18469167,0.40010428,-2.8114395,981
-0.18469167,0.40010428,-2.8114395,1000
-0.18469167,0.40010428,-2.8114395,1000
-0.18469167,0.40010428,-2.8114395,1000
-0.18469167,0.40010428,-2.8114395,1015
-0.18469167,0.40010428,-2.8114395,1015
-0.18469167,0.40010428,-2.8114395,1015
-0.18469167,0.40010428,-2.8114395,1032
-0.18469167,0.40010428,-2.8114395,1032
-0.18469167,0.40010428,-2.8114395,1032
-0.18469167,0.40010428,-2.8114395,1048
-0.18469167,0.40010428,-2.8114395,1048
-0.18469167,0.40010428,-2.8114395,1048
0.81530833,0.40010428,-2.8114395,1065
-0.18469167,0.40010428,-2.8114395,1065
-0.18469167,0.40010428,-2.8114395,1065
-0.18469167,0.40010428,-2.8114395,1081
-0.18469167,0.40010428,-2.8114395,1081
-0.18469167,0.40010428,-1.8114395,1081
-0.18469167,0.40010428,-2.8114395,1097
-0.18469167,0.40010428,-2.8114395,1097
-0.18469167,0.40010428,-2.8114395,1097
-0.18469167,0.40010428,-2.8114395,1114
-0.18469167,0.40010428,-2.8114395,1114
-0.18469167,0.40010428,-2.8114395,1114
-0.18469167,0.40010428,-2.8114395,1132
-0.18469167,0.40010428,-2.8114395,1132
-0.18469167,0.40010428,-2.8114395,1132
-0.18469167,0.40010428,-2.8114395,1148
-0.18469167,0.40010428,-2.8114395,1148
-0.18469167,0.40010428,-2.8114395,1148
-0.18469167,0.40010428,-2.8114395,1166
-0.18469167,0.40010428,-2.8114395,1166
-0.18469167,0.40010428,-2.8114395,1166
-0.18469167,0.40010428,-2.8114395,1181
-0.18469167,0.40010428,-2.8114395,1181
-0.18469167,0.40010428,-2.8114395,1181
-0.18469167,0.40010428,-2.8114395,1200
-0.18469167,0.40010428,-2.8114395,1200
-0.18469167,0.40010428,-2.8114395,1200
-0.18469167,0.40010428,-2.8114395,1214
-0.18469167,0.40010428,-2.8114395,1214
-0.18469167,0.40010428,-2.8114395,1214
-0.18469167,0.40010428,-2.8114395,1231
-0.18469167,0.40010428,-2.8114395,1231
-0.18469167,0.40010428,-2.8114395,1231
-0.18469167,0.40010428,-2.8114395,1247
-0.18469167,0.40010428,-2.8114395,1247
-0.18469167,0.40010428,-1.8114395,1247
-0.18469167,0.40010428,-2.8114395,1265
-0.18469167,0.40010428,-2.8114395,1265
-0.18469167,0.40010428,-2.8114395,1265
-0.18469167,0.40010428,-2.8114395,1280
-0.18469167,0.40010428,-2.8114395,1280
-0.18469167,0.40010428,-2.8114395,1280
-0.18469167,0.40010428,-2.8114395,1297
-0.18469167,0.40010428,-2.8114395,1297
-0.18469167,0.40010428,-2.8114395,1297
-0.18469167,0.40010428,-2.8114395,1312
-0.18469167,0.40010428,-2.8114395,1312
-0.18469167,0.40010428,-2.8114395,1312
-0.18469167,0.40010428,-2.8114395,1330
-0.18469167,0.40010428,-2.8114395,1330
-0.18469167,0.40010428,-2.8114395,1330
-0.18469167,0.40010428,-2.8114395,1346
-0.18469167,0.40010428,-2.8114395,1346
-0.18469167,0.40010428,-2.8114395,1346
0.81530833,0.40010428,-2.8114395,1363
-0.18469167,0.40010428,-2.8114395,1363
-0.18469167,0.40010428,-2.8114395,1363
-0.18469167,0.40010428,-2.8114395,1380
-0.18469167,0.40010428,-2.8114395,1380
-0.18469167,0.40010428,-2.8114395,1380
-0.18469167,0.40010428,-2.8114395,1396
-0.18469167,0.40010428,-2.8114395,1396
-0.18469167,0.40010428,-2.8114395,1396
-0.18469167,0.40010428,-2.8114395,1413
-0.18469167,0.40010428,-2.8114395,1413
-0.18469167,0.40010428,-1.8114395,1413
-0.18469167,0.40010428,-2.8114395,1432
-0.18469167,0.40010428,-2.8114395,1432
-0.18469167,0.40010428,-2.8114395,1432
-0.18469167,0.40010428,-2.8114395,1447
-0.18469167,0.40010428,-2.8114395,1447
-0.18469167,0.40010428,-2.8114395,1447
-0.18469167,0.40010428,-2.8114395,1462
-0.18469167,0.40010428,-2.8114395,1462
-0.18469167,0.40010428,-2.8114395,1462
-0.18469167,0.40010428,-2.8114395,1479
-0.18469167,0.40010428,-2.8114395,1479
-0.18469167,0.40010428,-2.8114395,1479
-0.18469167,0.40010428,-2.8114395,1496
-0.18469167,0.40010428,-2.8114395,1496
-0.18469167,0.40010428,-1.8114395,1496
-0.18469167,0.40010428,-2.8114395,1512
-0.18469167,0.40010428,-2.8114395,1512
-0.18469167,0.40010428,-2.8114395,1512
-0.18469167,0.40010428,-2.8114395,1529
-0.18469167,0.40010428,-2.8114395,1529
-0.18469167,0.40010428,-2.8114395,1529
-0.18469167,0.40010428,-2.8114395,1545
-0.18469167,0.40010428,-2.8114395,1545
-0.18469167,0.40010428,-2.8114395,1545
-0.18469167,0.40010428,-2.8114395,1563
-0.18469167,0.40010428,-2.8114395,1563
-0.18469167,0.40010428,-2.8114395,1563
-0.18469167,0.40010428,-2.8114395,1579
-0.18469167,0.40010428,-2.8114395,1579
-0.18469167,0.40010428,-2.8114395,1579
-0.18469167,0.40010428,-2.8114395,1596
-0.18469167,0.40010428,-2.8114395,1596
-0.18469167,0.40010428,-2.8114395,1596
-0.18469167,0.40010428,-2.8114395,1612
-0.18469167,0.40010428,-2.8114395,1612
-0.18469167,0.40010428,-2.8114395,1612
-0.18469167,0.40010428,-2.8114395,1630
-0.18469167,0.40010428,-2.8114395,1630
-0.18469167,0.40010428,-2.8114395,1630
-0.18469167,0.40010428,-2.8114395,1648
-0.18469167,0.40010428,-2.8114395,1648
-0.18469167,0.40010428,-2.8114395,1648
-0.18469167,0.40010428,-2.8114395,1675
-0.18469167,0.40010428,-2.8114395,1675
-0.18469167,0.40010428,-2.8114395,1675
-0.18469167,0.40010428,-2.8114395,1690
-0.18469167,0.40010428,-2.8114395,1690
-0.18469167,0.40010428,-2.8114395,1690
-0.18469167,0.40010428,-2.8114395,1706
-0.18469167,0.40010428,-2.8114395,1706
-0.18469167,0.40010428,-2.8114395,1706
-0.18469167,0.40010428,-2.8114395,1722
-0.18469167,0.40010428,-2.8114395,1722
-0.18469167,0.40010428,-2.8114395,1722
-0.18469167,0.40010428,-2.8114395,1738
-0.18469167,1.4001043,-2.8114395,1738
-0.18469167,0.40010428,-2.8114395,1738
-0.18469167,0.40010428,-2.8114395,1756
-0.18469167,0.40010428,-2.8114395,1756
-0.18469167,0.40010428,-2.8114395,1756
-0.18469167,0.40010428,-2.8114395,1771
-0.18469167,0.40010428,-2.8114395,1771
-0.18469167,0.40010428,-2.8114395,1771
-0.18469167,0.40010428,-2.8114395,1789
-0.18469167,0.40010428,-2.8114395,1789
-0.18469167,0.40010428,-2.8114395,1789
-0.18469167,0.40010428,-2.8114395,1805
-0.18469167,0.40010428,-2.8114395,1805
-0.18469167,0.40010428,-2.8114395,1805
-0.18469167,0.40010428,-2.8114395,1822
-0.18469167,0.40010428,-2.8114395,1822
-0.18469167,0.40010428,-2.8114395,1822
-0.18469167,0.40010428,-2.8114395,1836
-0.18469167,0.40010428,-2.8114395,1836
-0.18469167,0.40010428,-2.8114395,1836
-0.18469167,0.40010428,-2.8114395,1854
-0.18469167,1.4001043,-2.8114395,1854
-0.18469167,0.40010428,-2.8114395,1854
-0.18469167,0.40010428,-2.8114395,1871
-0.18469167,0.40010428,-2.8114395,1871
-0.18469167,0.40010428,-2.8114395,1871
-0.18469167,0.40010428,-2.8114395,1887
-0.18469167,0.40010428,-2.8114395,1887
-0.18469167,0.40010428,-2.8114395,1887
-0.18469167,0.40010428,-2.8114395,1902
-0.18469167,0.40010428,-2.8114395,1902
-0.18469167,0.40010428,-2.8114395,1902
-0.18469167,0.40010428,-2.8114395,1918
-0.18469167,0.40010428,-2.8114395,1918
-0.18469167,0.40010428,-2.8114395,1918
0.81530833,0.40010428,-2.8114395,1934
-0.18469167,0.40010428,-2.8114395,1934
-0.18469167,0.40010428,-2.8114395,1934
-0.18469167,0.40010428,-2.8114395,1950
-0.18469167,0.40010428,-2.8114395,1950
-0.18469167,0.40010428,-2.8114395,1950
-0.18469167,0.40010428,-2.8114395,1966
-0.18469167,0.40010428,-2.8114395,1966
-0.18469167,0.40010428,-2.8114395,1966
-0.18469167,0.40010428,-2.8114395,1982
-0.18469167,0.40010428,-2.8114395,1982
-0.18469167,0.40010428,-2.8114395,1982
-0.18469167,0.40010428,-2.8114395,1998
-0.18469167,0.40010428,-2.8114395,1998
-0.18469167,0.40010428,-2.8114395,1998
-0.18469167,0.40010428,-2.8114395,2014
-0.18469167,0.40010428,-2.8114395,2014
-0.18469167,0.40010428,-2.8114395,2014
-0.18469167,0.40010428,-2.8114395,2032
-0.18469167,0.40010428,-2.8114395,2032
-0.18469167,0.40010428,-2.8114395,2032
0.81530833,0.40010428,-2.8114395,2048
-0.18469167,0.40010428,-2.8114395,2048
-0.18469167,0.40010428,-2.8114395,2048
-0.18469167,0.40010428,-2.8114395,2064
-0.18469167,1.4001043,-2.8114395,2064
-0.18469167,0.40010428,-2.8114395,2064
-0.18469167,0.40010428,-2.8114395,2082
-0.18469167,0.40010428,-2.8114395,2082
-0.18469167,0.40010428,-2.8114395,2082
-0.18469167,0.40010428,-2.8114395,2098
-0.18469167,0.40010428,-2.8114395,2098
-0.18469167,0.40010428,-2.8114395,2098
-0.18469167,0.40010428,-2.8114395,2114
-0.18469167,0.40010428,-2.8114395,2114
-0.18469167,0.40010428,-2.8114395,2114
-0.18469167,0.40010428,-2.8114395,2132
-0.18469167,0.40010428,-2.8114395,2132
-0.18469167,0.40010428,-2.8114395,2132
-0.18469167,0.40010428,-2.8114395,2148
-0.18469167,0.40010428,-2.8114395,2148
-0.18469167,0.40010428,-2.8114395,2148
-0.18469167,0.40010428,-2.8114395,2165
-0.18469167,0.40010428,-2.8114395,2165
-0.18469167,0.40010428,-2.8114395,2165
-0.18469167,0.40010428,-2.8114395,2182
-0.18469167,0.40010428,-2.8114395,2182
-0.18469167,0.40010428,-2.8114395,2182
-0.18469167,0.40010428,-2.8114395,2199
-0.18469167,0.40010428,-2.8114395,2199
-0.18469167,0.40010428,-2.8114395,2199
-0.18469167,0.40010428,-2.8114395,2216
-0.18469167,0.40010428,-2.8114395,2216
-0.18469167,0.40010428,-2.8114395,2216
-0.18469167,0.40010428,-2.8114395,2232
-0.18469167,0.40010428,-2.8114395,2232
-0.18469167,0.40010428,-2.8114395,2232
-0.18469167,0.40010428,-2.8114395,2249
-0.18469167,0.40010428,-2.8114395,2249
-0.18469167,0.40010428,-2.8114395,2249
-0.18469167,0.40010428,-2.8114395,2265
-0.18469167,0.40010428,-2.8114395,2265
-0.18469167,0.40010428,-2.8114395,2265
-0.18469167,0.40010428,-2.8114395,2283
-0.18469167,0.40010428,-2.8114395,2283
-0.18469167,0.40010428,-2.8114395,2283
-0.18469167,0.40010428,-2.8114395,2299
-0.18469167,0.40010428,-2.8114395,2299
-0.18469167,0.40010428,-2.8114395,2299
-0.18469167,0.40010428,-2.8114395,2315
-0.18469167,0.40010428,-2.8114395,2315
-0.18469167,0.40010428,-2.8114395,2315
-0.18469167,0.40010428,-2.8114395,2331
-0.18469167,0.40010428,-2.8114395,2331
-0.18469167,0.40010428,-2.8114395,2331
-0.18469167,0.40010428,-2.8114395,2347
-0.18469167,0.40010428,-2.8114395,2347
-0.18469167,0.40010428,-2.8114395,2347
-0.18469167,0.40010428,-2.8114395,2364
-0.18469167,0.40010428,-2.8114395,2364
-0.18469167,0.40010428,-2.8114395,2364
-0.18469167,0.40010428,-2.8114395,2379
-0.18469167,0.40010428,-2.8114395,2379
-0.18469167,0.40010428,-2.8114395,2379
-0.18469167,0.40010428,-2.8114395,2396
-0.18469167,0.40010428,-2.8114395,2396
-0.18469167,0.40010428,-2.8114395,2396
-0.18469167,0.40010428,-2.8114395,2411
-0.18469167,0.40010428,-2.8114395,2411
-0.18469167,0.40010428,-2.8114395,2411
-0.18469167,0.40010428,-2.8114395,2428
-0.18469167,0.40010428,-2.8114395,2428
-0.18469167,0.40010428,-2.8114395,2428
-0.18469167,0.40010428,-2.8114395,2445
-0.18469167,0.40010428,-2.8114395,2445
-0.18469167,0.40010428,-2.8114395,2445
-0.18469167,0.40010428,-2.8114395,2462
-0.18469167,0.40010428,-2.8114395,2462
-0.18469167,0.40010428,-2.8114395,2462
-0.18469167,0.40010428,-2.8114395,2479
-0.18469167,0.40010428,-2.8114395,2479
-0.18469167,0.40010428,-2.8114395,2479
-0.18469167,0.40010428,-2.8114395,2495
-0.18469167,0.40010428,-2.8114395,2495
-0.18469167,0.40010428,-2.8114395,2495
-0.18469167,0.40010428,-2.8114395,2512
-0.18469167,0.40010428,-2.8114395,2512
-0.18469167,0.40010428,-2.8114395,2512
-0.18469167,0.40010428,-2.8114395,2529
-0.18469167,0.40010428,-2.8114395,2529
-0.18469167,0.40010428,-2.8114395,2529
-0.18469167,0.40010428,-2.8114395,2546
-0.18469167,0.40010428,-2.8114395,2546
-0.18469167,0.40010428,-2.8114395,2546
-0.18469167,0.40010428,-2.8114395,2562
-0.18469167,0.40010428,-2.8114395,2562
-0.18469167,0.40010428,-1.8114395,2562
-0.18469167,0.40010428,-2.8114395,2579
-0.18469167,0.40010428,-2.8114395,2579
-0.18469167,0.40010428,-1.8114395,2579
-0.18469167,0.40010428,-2.8114395,2596
-0.18469167,0.40010428,-2.8114395,2596
-0.18469167,0.40010428,-2.8114395,2596
0.81530833,0.40010428,-2.8114395,2613
-0.18469167,0.40010428,-2.8114395,2613
-0.18469167,0.40010428,-2.8114395,2613
-0.18469167,0.40010428,-2.8114395,2629
-0.18469167,0.40010428,-2.8114395,2629
-0.18469167,0.40010428,-2.8114395,2629
-0.18469167,0.40010428,-2.8114395,2646
-0.18469167,0.40010428,-2.8114395,2646
-0.18469167,0.40010428,-2.8114395,2646
-0.18469167,0.40010428,-2.8114395,2663
-0.18469167,0.40010428,-2.8114395,2663
-0.18469167,0.40010428,-2.8114395,2663
-0.18469167,0.40010428,-2.8114395,2681
-0.18469167,0.40010428,-2.8114395,2681
-0.18469167,0.40010428,-2.8114395,2681
0.81530833,0.40010428,-2.8114395,2697
-0.18469167,0.40010428,-2.8114395,2697
-0.18469167,0.40010428,-2.8114395,2697
-0.18469167,0.40010428,-2.8114395,2713
-0.18469167,0.40010428,-2.8114395,2713
-0.18469167,0.40010428,-2.8114395,2713
-0.18469167,0.40010428,-2.8114395,2730
-0.18469167,0.40010428,-2.8114395,2730
-0.18469167,0.40010428,-2.8114395,2730
-0.18469167,0.40010428,-2.8114395,2746
-0.18469167,0.40010428,-2.8114395,2746
-0.18469167,0.40010428,-2.8114395,2746
-0.18469167,0.40010428,-2.8114395,2763
-0.18469167,0.40010428,-2.8114395,2763
-0.18469167,0.40010428,-2.8114395,2763
-0.18469167,0.40010428,-2.8114395,2780
-0.18469167,0.40010428,-2.8114395,2780
-0.18469167,0.40010428,-2.8114395,2780
-0.18469167,0.40010428,-2.8114395,2796
-0.18469167,0.40010428,-2.8114395,2796
-0.18469167,0.40010428,-2.8114395,2796
-0.18469167,0.40010428,-2.8114395,2813
-0.18469167,0.40010428,-2.8114395,2813
-0.18469167,0.40010428,-2.8114395,2813
0.81530833,0.40010428,-2.8114395,2830
-0.18469167,0.40010428,-2.8114395,2830
-0.18469167,0.40010428,-2.8114395,2830
-0.18469167,0.40010428,-2.8114395,2847
-0.18469167,0.40010428,-2.8114395,2847
-0.18469167,0.40010428,-2.8114395,2847
-0.18469167,0.40010428,-2.8114395,2866
-0.18469167,0.40010428,-2.8114395,2866
-0.18469167,0.40010428,-2.8114395,2866
-0.18469167,0.40010428,-2.8114395,2881
-0.18469167,0.40010428,-2.8114395,2881
-0.18469167,0.40010428,-2.8114395,2881
-0.18469167,0.40010428,-2.8114395,2898
-0.18469167,0.40010428,-2.8114395,2898
-0.18469167,0.40010428,-2.8114395,2898
0.81530833,0.40010428,-2.8114395,2913
-0.18469167,0.40010428,-2.8114395,2913
-0.18469167,0.40010428,-2.8114395,2913
-0.18469167,0.40010428,-2.8114395,2931
-0.18469167,0.40010428,-2.8114395,2931
-0.18469167,0.40010428,-2.8114395,2931
-0.18469167,0.40010428,-2.8114395,2948
-0.18469167,0.40010428,-2.8114395,2948
-0.18469167,0.40010428,-2.8114395,2948
-0.18469167,0.40010428,-2.8114395,2964
-0.18469167,0.40010428,-2.8114395,2964
-0.18469167,0.40010428,-2.8114395,2964
-0.18469167,0.40010428,-2.8114395,2980
-0.18469167,0.40010428,-2.8114395,2980
-0.18469167,0.40010428,-2.8114395,2980
0.81530833,0.40010428,-2.8114395,2998
-0.18469167,0.40010428,-2.8114395,2998
-0.18469167,0.40010428,-2.8114395,2998
-0.18469167,0.40010428,-2.8114395,3014
-0.18469167,0.40010428,-2.8114395,3014
-0.18469167,0.40010428,-2.8114395,3014
-0.18469167,0.40010428,-2.8114395,3031
-0.18469167,0.40010428,-2.8114395,3031
-0.18469167,0.40010428,-2.8114395,3031
-0.18469167,0.40010428,-2.8114395,3048
-0.18469167,0.40010428,-2.8114395,3048
-0.18469167,0.40010428,-2.8114395,3048
-0.18469167,0.40010428,-2.8114395,3065
-0.18469167,0.40010428,-2.8114395,3065
-0.18469167,0.40010428,-2.8114395,3065
-0.18469167,0.40010428,-2.8114395,3080
-0.18469167,0.40010428,-2.8114395,3080
-0.18469167,0.40010428,-2.8114395,3080
-0.18469167,0.40010428,-2.8114395,3098
-0.18469167,0.40010428,-2.8114395,3098
-0.18469167,0.40010428,-2.8114395,3098
-0.18469167,0.40010428,-2.8114395,3113
-0.18469167,0.40010428,-2.8114395,3113
-0.18469167,0.40010428,-2.8114395,3113
-0.18469167,0.40010428,-2.8114395,3131
-0.18469167,0.40010428,-2.8114395,3131
-0.18469167,0.40010428,-2.8114395,3131
-0.18469167,0.40010428,-2.8114395,3147
-0.18469167,0.40010428,-2.8114395,3147
-0.18469167,0.40010428,-2.8114395,3147
-0.18469167,0.40010428,-2.8114395,3164
-0.18469167,0.40010428,-2.8114395,3164
-0.18469167,0.40010428,-2.8114395,3164
-0.18469167,0.40010428,-2.8114395,3180
-0.18469167,0.40010428,-2.8114395,3180
-0.18469167,0.40010428,-2.8114395,3180
-0.18469167,0.40010428,-2.8114395,3197
-0.18469167,0.40010428,-2.8114395,3197
-0.18469167,0.40010428,-2.8114395,3197
-0.18469167,0.40010428,-2.8114395,3213
-0.18469167,0.40010428,-2.8114395,3213
-0.18469167,0.40010428,-2.8114395,3213
-0.18469167,0.40010428,-2.8114395,3231
-0.18469167,0.40010428,-2.8114395,3231
-0.18469167,0.40010428,-2.8114395,3231
-0.18469167,0.40010428,-2.8114395,3248
-0.18469167,0.40010428,-2.8114395,3248
-0.18469167,0.40010428,-2.8114395,3248
-0.18469167,0.40010428,-2.8114395,3264
-0.18469167,0.40010428,-2.8114395,3264
-0.18469167,0.40010428,-2.8114395,3264
-0.18469167,0.40010428,-2.8114395,3280
-0.18469167,0.40010428,-2.8114395,3280
-0.18469167,0.40010428,-2.8114395,3280
-0.18469167,0.40010428,-2.8114395,3297
-0.18469167,0.40010428,-2.8114395,3297
-0.18469167,0.40010428,-2.8114395,3297
-0.18469167,0.40010428,-2.8114395,3314
-0.18469167,0.40010428,-2.8114395,3314
-0.18469167,0.40010428,-2.8114395,3314
-0.18469167,0.40010428,-2.8114395,3331
-0.18469167,0.40010428,-2.8114395,3331
-0.18469167,0.40010428,-2.8114395,3331
-0.18469167,0.40010428,-2.8114395,3347
-0.18469167,0.40010428,-2.8114395,3347
-0.18469167,0.40010428,-2.8114395,3347
-0.18469167,0.40010428,-2.8114395,3365
-0.18469167,0.40010428,-2.8114395,3365
-0.18469167,0.40010428,-2.8114395,3365
-0.18469167,0.40010428,-2.8114395,3381
-0.18469167,0.40010428,-2.8114395,3381
-0.18469167,0.40010428,-2.8114395,3381
-0.18469167,0.40010428,-2.8114395,3398
-0.18469167,0.40010428,-2.8114395,3398
-0.18469167,0.40010428,-2.8114395,3398
-0.18469167,0.40010428,-2.8114395,3413
-0.18469167,1.4001043,-2.8114395,3413
-0.18469167,0.40010428,-2.8114395,3413
-0.18469167,0.40010428,-2.8114395,3430
-0.18469167,0.40010428,-2.8114395,3430
-0.18469167,0.40010428,-2.8114395,3430
-0.18469167,0.40010428,-2.8114395,3446
-0.18469167,0.40010428,-2.8114395,3446
-0.18469167,0.40010428,-2.8114395,3446
-0.18469167,0.40010428,-2.8114395,3463
-0.18469167,0.40010428,-2.8114395,3463
-0.18469167,0.40010428,-2.8114395,3463
-0.18469167,0.40010428,-2.8114395,3479
-0.18469167,0.40010428,-2.8114395,3479
-0.18469167,0.40010428,-2.8114395,3479
-0.18469167,0.40010428,-2.8114395,3496
-0.18469167,1.4001043,-2.8114395,3496
-0.18469167,0.40010428,-2.8114395,3496
-0.18469167,0.40010428,-2.8114395,3512
-0.18469167,0.40010428,-2.8114395,3512
-0.18469167,0.40010428,-2.8114395,3512
-0.18469167,0.40010428,-2.8114395,3529
-0.18469167,0.40010428,-2.8114395,3529
-0.18469167,0.40010428,-2.8114395,3529
-0.18469167,0.40010428,-2.8114395,3545
-0.18469167,0.40010428,-2.8114395,3545
-0.18469167,0.40010428,-2.8114395,3545
-0.18469167,0.40010428,-2.8114395,3564
-0.18469167,0.40010428,-2.8114395,3564
-0.18469167,0.40010428,-2.8114395,3564
-0.18469167,0.40010428,-2.8114395,3578
-0.18469167,0.40010428,-2.8114395,3578
-0.18469167,0.40010428,-2.8114395,3578
-0.18469167,0.40010428,-2.8114395,3595
-0.18469167,0.40010428,-2.8114395,3595
-0.18469167,0.40010428,-2.8114395,3595
-0.18469167,0.40010428,-2.8114395,3612
-0.18469167,0.40010428,-2.8114395,3612
-0.18469167,0.40010428,-2.8114395,3612
-0.18469167,0.40010428,-2.8114395,3629
-0.18469167,0.40010428,-2.8114395,3629
-0.18469167,0.40010428,-2.8114395,3629
-0.18469167,0.40010428,-2.8114395,3646
-0.18469167,0.40010428,-2.8114395,3646
-0.18469167,0.40010428,-2.8114395,3646
-0.18469167,0.40010428,-2.8114395,3663
-0.18469167,0.40010428,-2.8114395,3663
-0.18469167,0.40010428,-2.8114395,3663
-0.18469167,0.40010428,-2.8114395,3679
-0.18469167,0.40010428,-2.8114395,3679
-0.18469167,0.40010428,-2.8114395,3679
-0.18469167,0.40010428,-2.8114395,3696
-0.18469167,0.40010428,-2.8114395,3696
-0.18469167,0.40010428,-2.8114395,3696
-0.18469167,0.40010428,-2.8114395,3713
-0.18469167,0.40010428,-2.8114395,3713
-0.18469167,0.40010428,-2.8114395,3713
-0.18469167,0.40010428,-2.8114395,3732
-0.18469167,0.40010428,-2.8114395,3732
-0.18469167,0.40010428,-2.8114395,3732
-0.18469167,0.40010428,-2.8114395,3747
-0.18469167,0.40010428,-2.8114395,3747
-0.18469167,0.40010428,-2.8114395,3747
-0.18469167,0.40010428,-2.8114395,3764
-0.18469167,0.40010428,-2.8114395,3764
-0.18469167,0.40010428,-1.8114395,3764
-0.18469167,0.40010428,-2.8114395,3780
-0.18469167,0.40010428,-2.8114395,3780
-0.18469167,0.40010428,-2.8114395,3780
-0.18469167,0.40010428,-2.8114395,3797
-0.18469167,0.40010428,-2.8114395,3797
-0.18469167,0.40010428,-2.8114395,3797
-0.18469167,0.40010428,-2.8114395,3814
-0.18469167,0.40010428,-2.8114395,3814
-0.18469167,0.40010428,-2.8114395,3814
-0.18469167,0.40010428,-2.8114395,3831
-0.18469167,0.40010428,-2.8114395,3831
-0.18469167,0.40010428,-2.8114395,3831
-0.18469167,0.40010428,-2.8114395,3847
-0.18469167,0.40010428,-2.8114395,3847
-0.18469167,0.40010428,-2.8114395,3847
-0.18469167,0.40010428,-2.8114395,3864
-0.18469167,0.40010428,-2.8114395,3864
-0.18469167,0.40010428,-2.8114395,3864
-0.18469167,0.40010428,-2.8114395,3880
-0.18469167,1.4001043,-2.8114395,3880
-0.18469167,0.40010428,-2.8114395,3880
-0.18469167,0.40010428,-2.8114395,3899
-0.18469167,0.40010428,-2.8114395,3899
-0.18469167,0.40010428,-2.8114395,3899
-0.18469167,0.40010428,-2.8114395,3915
-0.18469167,0.40010428,-2.8114395,3915
-0.18469167,0.40010428,-1.8114395,3915
-0.18469167,0.40010428,-2.8114395,3931
-0.18469167,0.40010428,-2.8114395,3931
-0.18469167,0.40010428,-1.8114395,3931
-0.18469167,0.40010428,-2.8114395,3947
-0.18469167,0.40010428,-2.8114395,3947
-0.18469167,0.40010428,-2.8114395,3947
-0.18469167,0.40010428,-2.8114395,3966
-0.18469167,0.40010428,-2.8114395,3966
-0.18469167,0.40010428,-2.8114395,3966
-0.18469167,0.40010428,-2.8114395,3981
-0.18469167,0.40010428,-2.8114395,3981
-0.18469167,0.40010428,-2.8114395,3981
-0.18469167,0.40010428,-2.8114395,3998
-0.18469167,0.40010428,-2.8114395,3998
-0.18469167,0.40010428,-2.8114395,3998
-0.18469167,0.40010428,-2.8114395,4015
-0.18469167,0.40010428,-2.8114395,4015
-0.18469167,0.40010428,-2.8114395,4015
-0.18469167,0.40010428,-2.8114395,4032
-0.18469167,0.40010428,-2.8114395,4032
-0.18469167,0.40010428,-2.8114395,4032
-0.18469167,0.40010428,-2.8114395,4050
-0.18469167,0.40010428,-2.8114395,4050
-0.18469167,0.40010428,-2.8114395,4050
-0.18469167,0.40010428,-2.8114395,4065
-0.18469167,0.40010428,-2.8114395,4065
-0.18469167,0.40010428,-2.8114395,4065
-0.18469167,0.40010428,-2.8114395,4082
-0.18469167,0.40010428,-2.8114395,4082
-0.18469167,0.40010428,-2.8114395,4082
-0.18469167,0.40010428,-2.8114395,4099
-0.18469167,0.40010428,-2.8114395,4099
-0.18469167,0.40010428,-2.8114395,4099
-0.18469167,0.40010428,-2.8114395,4116
-0.18469167,0.40010428,-2.8114395,4116
-0.18469167,0.40010428,-2.8114395,4116
-0.18469167,0.40010428,-2.8114395,4133
-0.18469167,0.40010428,-2.8114395,4133
-0.18469167,0.40010428,-2.8114395,4133
-0.18469167,0.40010428,-2.8114395,4150
-0.18469167,0.40010428,-2.8114395,4150
-0.18469167,0.40010428,-2.8114395,4150
-0.18469167,0.40010428,-2.8114395,4166
-0.18469167,0.40010428,-2.8114395,4166
-0.18469167,0.40010428,-2.8114395,4166
-0.18469167,0.40010428,-2.8114395,4183
-0.18469167,0.40010428,-2.8114395,4183
-0.18469167,0.40010428,-2.8114395,4183
-0.18469167,0.40010428,-2.8114395,4201
-0.18469167,0.40010428,-2.8114395,4201
-0.18469167,0.40010428,-2.8114395,4201
-0.18469167,0.40010428,-2.8114395,4218
-0.18469167,0.40010428,-2.8114395,4218
-0.18469167,0.40010428,-2.8114395,4218
-0.18469167,0.40010428,-2.8114395,4234
-0.18469167,0.40010428,-2.8114395,4234
-0.18469167,0.40010428,-2.8114395,4234
-0.18469167,0.40010428,-2.8114395,4251
-0.18469167,0.40010428,-2.8114395,4251
-0.18469167,0.40010428,-2.8114395,4251
-0.18469167,0.40010428,-2.8114395,4266
-0.18469167,1.4001043,-2.8114395,4266
-0.18469167,0.40010428,-2.8114395,4266
-0.18469167,0.40010428,-2.8114395,4283
-0.18469167,0.40010428,-2.8114395,4283
-0.18469167,0.40010428,-2.8114395,4283
-0.18469167,0.40010428,-2.8114395,4299
-0.18469167,0.40010428,-2.8114395,4299
-0.18469167,0.40010428,-2.8114395,4299
