0.006020248000000001,0.002406572000000007,0.013553332599999999,87.0
0.006020248000000001,0.002406572000000007,0.013553332599999999,103.0
0.004557519999999998,0.005570279999999994,0.0182732106,121.0
0.003780161999999998,0.006398099999999985,0.017039442,137.0
-0.00038602799999999936,0.00047809999999999243,0.0016278264,155.0
-4.970999999999726e-05,0.0005463400000000007,0.00015926340000000093,171.0
0.0017378559999999988,0.0009933799999999992,-0.000747776,189.0
0.0017378559999999988,0.0009933799999999992,-0.000747776,205.0
-0.0046813599999999955,0.005946980000000002,-0.003295183,224.0
-0.005409007999999998,0.006228459999999991,-0.004688215000000001,240.0
0.0017994819999999968,0.0008123600000000009,-0.0015360830000000006,256.0
1.1916000000000704e-05,0.0003653200000000023,-0.0006290435999999997,273.0
-0.00562762,0.0008408999999999888,-0.0054734226,291.0
0.0015689539999999946,-0.004940520000000004,-0.0016922469999999996,308.0
-0.00019939000000000485,-0.0009631799999999969,-0.0004318230000000006,325.0
-0.00740788,0.004452919999999994,-0.003583955000000001,343.0
0.000689780000000001,0.000532139999999992,-0.001757383,359.0
0.0063293160000000015,5.6560000000005496e-05,0.0030869960000000003,376.0
0.005628168,-0.0005139999999999922,0.0038676260000000003,392.0
0.007396511999999999,-0.004491339999999999,0.0026072020000000016,409.0
0.0007123519999999994,-0.0020381919999999942,-0.007411385999999997,426.0
-0.007385308000000002,0.0018825880000000073,-0.009237958,444.0
-0.007238655999999999,0.0035904600000000063,-0.002857351999999999,462.0
-0.006537507999999997,0.004161020000000004,-0.0036379819999999992,478.0
-0.0057575939999999996,-0.002467227999999988,-0.012318564,494.0
0.0009265660000000008,-0.004920375999999993,-0.002299976000000001,511.0
0.0013163460000000017,-0.009572987999999994,0.009000683999999998,528.0
0.001169693999999999,-0.011280859999999993,0.002620077999999998,545.0
0.0029559259999999976,0.00046326000000000976,1.4066999999998165e-05,563.0
0.0021760119999999993,0.007091508000000002,0.008694648999999999,579.0
0.0048745220000000035,0.0021460279999999886,0.010283661199999999,596.0
0.0044847420000000025,0.0067986399999999895,-0.001016998799999999,614.0
-0.0005772959999999994,0.00021167999999998076,-0.0075509559999999976,631.0
-0.002363527999999998,-0.011532440000000022,-0.0049449449999999975,647.0
-0.0037140499999999965,-0.01256460800000001,-0.004895829999999999,665.0
-0.00641256,-0.007619127999999998,-0.0064848421999999985,681.0
-0.005271118000000003,-0.009204900000000005,-0.0025840751999999995,698.0
-0.00020908000000000038,-0.0026179399999999966,0.003949881999999999,715.0
0.0008894860000000004,0.0036392400000000214,0.005151367999999998,732.0
0.002240007999999999,0.0046714080000000106,0.0051022529999999984,748.0
0.00021347399999999684,0.004604720000000007,-0.0015994549999999996,767.0
-0.0009279680000000012,0.0061904920000000144,-0.005500221999999999,783.0
0.004769546000000002,0.00941822000000001,-0.000385285199999999,799.0
0.0036709800000000016,0.0031610399999999926,-0.0015867711999999977,817.0
0.0033357199999999977,0.002660859999999987,-0.000469683999999998,834.0
0.0053622539999999995,0.0027275479999999907,0.006232024,851.0
0.0012299539999999997,-0.004236864000000007,0.0032004359999999983,868.0
-0.004467560000000004,-0.007464592000000003,-0.001914500800000002,885.0
-0.004571690000000001,-0.004988152000000001,-0.0011073108000000027,903.0
-0.004236429999999997,-0.0044879719999999955,-0.0022243980000000024,920.0
-0.008636449999999995,0.005547079999999993,-0.006433678000000001,936.0
-0.004504149999999996,0.01251149199999999,-0.003402089999999999,953.0
-0.0016077339999999996,0.012836592000000003,0.00012731519999999996,969.0
-0.0015036040000000028,0.010360152000000001,-0.0006798747999999993,987.0
-0.0005772040000000034,0.009926666000000006,-0.0007297039999999977,1004.0
0.0038228159999999954,-0.00010838599999998255,0.0034795760000000007,1021.0
0.004088253999999997,-0.0006430879999999916,0.0038743019999999987,1038.0
0.00616855,-0.007282667999999992,0.0032961848000000018,1054.0
0.00616855,-0.007282667999999992,0.0032961848000000018,1070.0
0.005242150000000001,-0.006849181999999998,0.003346014,1088.0
0.00441609,-0.006582820000000012,0.0034827229999999988,1104.0
0.0001793839999999991,-0.01317785199999999,0.0013276572000000015,1121.0
-0.004797328000000001,-0.006863372000000001,-0.0016236308000000005,1138.0
-0.0048132420000000006,-5.723200000000706e-05,-0.00775671,1156.0
-0.0048132420000000006,-5.723200000000706e-05,-0.00775671,1174.0
-0.003987182000000001,-0.00032359399999999373,-0.007893418999999999,1190.0
0.00017100000000000448,0.0006679600000000008,-0.001299953200000001,1206.0
-0.0003820939999999995,0.010108867999999993,-0.0064663892,1224.0
-0.00036617999999999926,0.003302727999999999,-0.00033331000000000056,1240.0
0.004124124000000002,0.0015543939999999924,0.0033218859999999987,1259.0
0.004124124000000002,0.0015543939999999924,0.0033218859999999987,1275.0
-0.0005552940000000007,0.0027595799999999837,-0.009700728,1291.0
-2.1999999999966492e-06,-0.006681328000000009,-0.0045342920000000005,1310.0
0.0038705519999999993,-0.002858647999999997,-0.0012647140000000001,1324.0
-0.0006197520000000012,-0.00111031399999999,-0.0049199099999999996,1341.0
0.0016182960000000024,0.0007493659999999958,-0.0030251027999999985,1359.0
0.0061107999999999996,0.005682359999999997,0.0051643852000000014,1376.0
0.004691635999999999,0.008568540000000003,0.0006034380000000006,1393.0
0.000818884000000003,0.004745859999999991,-0.00266614,1410.0
0.000470102,0.006499670000000002,-0.0011861339999999997,1426.0
-0.0017679460000000035,0.004639990000000016,-0.0030809412000000007,1444.0
-0.007716728000000001,0.001595790000000008,-0.004831457200000003,1462.0
-0.006297564,-0.0012903899999999967,-0.0002705100000000016,1477.0
-0.007831252,0.013917760000000001,0.003628444,1495.0
-0.007482469999999996,0.01216394999999999,0.002148438,1511.0
-0.021846204,0.017420273999999993,-0.01145315,1538.0
-0.015897422000000005,0.020464474,-0.009702633999999998,1555.0
-0.016868306,0.028348790000000002,-0.023764324000000003,1573.0
-0.015334618,0.013140640000000004,-0.027663278000000003,1589.0
-0.017962699999999998,0.020016126000000002,-0.043725108,1606.0
0.0013414499999999997,0.034489406,-0.03766346,1623.0
0.0013414499999999997,0.034489406,-0.03766346,1640.0
0.010172897999999996,0.047086134,-0.02887275199999999,1657.0
0.010172897999999996,0.047086134,-0.02887275199999999,1675.0
0.02084365,0.05591547,-0.007531213999999997,1693.0
0.015903234000000006,0.036185866,8.726000000003342e-06,1709.0
0.02413434400000001,0.051576154760000006,0.011601590000000005,1725.0
0.016273780000000005,0.03109511076,0.016872571999999995,1744.0
0.022643306000000002,0.03579032359999999,0.02597381999999999,1762.0
0.014600636,0.0200855016,0.020694111999999997,1778.0
0.021315286,0.023536753599999998,0.026557780000000003,1794.0
0.013084175999999998,0.008146464840000001,0.014964916,1811.0
0.0192820272,0.00870443584,0.017424297999999998,1828.0
0.0129125012,0.004009223,0.008323050000000004,1844.0
0.018663627999999998,0.0027195571999999993,0.009815646000000006,1862.0
0.011948978,-0.0007316948000000003,0.003951978,1878.0
0.01976829846,-0.0041105507999999995,-0.000987722000000002,1905.0
0.018150992799999998,-0.008014702799999999,-0.009633682000000005,1922.0
0.018150992799999998,-0.008014702799999999,-0.009633682000000005,1941.0
0.0135712312,-0.00796580306,-0.014717054000000002,1957.0
0.0135712312,-0.00796580306,-0.014717054000000002,1973.0
0.0018187851399999997,-0.0028999926,-0.007973813999999996,1990.0
-0.0027617604,0.0004461884000000001,-0.001787235999999992,2011.0
-0.008700026599999999,0.0030070065999999998,0.001428600000000002,2026.0
-0.0098713918,0.00424777266,0.005019375999999997,2042.0
-0.013990630200000001,0.00195893046,0.004700276000000003,2060.0
-0.0100575046,0.00027197599999999984,0.0028967359999999996,2077.0
-0.0150654716,0.0068400857999999995,0.009599875999999997,2094.0
-0.0091272054,0.0042792676,0.006384040000000002,2111.0
-0.010271731400000001,0.006226349000000001,0.010426332,2128.0
-0.006152492999999999,0.0085151912,0.010745431999999994,2144.0
-0.0069940329999999985,0.0090055466,0.012198401999999997,2161.0
-0.001986065999999999,0.0024374367999999993,0.005495262000000001,2180.0
-0.0018639740000000002,0.00227474,0.005024003999999999,2196.0
-0.0007194480000000004,0.0003276585999999998,0.0009817120000000013,2212.0
0.0017661159999999994,-0.0014239314000000004,-0.001753901999999996,2230.0
0.0026076559999999986,-0.0019142867999999993,-0.0032068719999999995,2246.0
0.0073876203999999985,-0.005289077799999999,-0.011661958000000005,2265.0
0.0072655284,-0.005126381,-0.011190700000000003,2280.0
0.0124331274,-0.01236445312,-0.023496339999999998,2297.0
0.009947563400000001,-0.01061286312,-0.020760726,2315.0
0.0159390476,-0.020695996,-0.031022120000000004,2332.0
0.0111590832,-0.017321205,-0.022567033999999996,2348.0
0.011043931600000001,-0.036325235,-0.032193016,2365.0
0.005876332600000001,-0.02908716288,-0.019887376000000002,2382.0
0.0060578108000000006,-0.048851286880000004,-0.022026588000000003,2399.0
6.632660000000026e-05,-0.038768154000000006,-0.011765194000000001,2416.0
-0.0092131108,-0.06193238599999999,-0.006000969999999994,2434.0
-0.0090979592,-0.042928356,0.003625012000000005,2450.0
-0.019248154,-0.060678964,0.015258812,2467.0
-0.0194296322,-0.040914839999999994,0.017398024,2486.0
-0.0270065232,-0.053218511999999996,0.027891064,2502.0
-0.0355292688,-0.04203696,0.03336026599999999,2518.0
-0.0355292688,-0.04203696,0.03336026599999999,2535.0
-0.025379074,-0.024286352,0.021726466,2552.0
-0.027373747999999996,-0.02916965199999999,0.03870101,2569.0
-0.019796857,-0.016865979999999992,0.028207970000000006,2586.0
-0.003810846000000001,-0.009123100000000006,0.028484392000000004,2604.0
-0.011384104,-0.007826413999999993,0.039395188600000006,2620.0
-0.011384104,-0.007826413999999993,0.039395188600000006,2637.0
-0.018048454000000002,-9.244000000001585e-05,0.0339366434,2656.0
-0.018048454000000002,-9.244000000001585e-05,0.0339366434,2672.0
-0.022804474,0.008367100000000006,0.031965445999999995,2689.0
-0.015231216000000002,0.007070413999999992,0.0210546494,2705.0
-0.019578004000000003,0.012271761999999997,0.032854509399999995,2723.0
-0.01091898,0.009421088000000011,0.0213385106,2739.0
-0.015282523999999997,0.014776860000000003,0.0321190826,2757.0
-0.008710331999999998,0.010557119999999998,0.022580432,2773.0
-0.007222055999999999,0.013304920000000008,0.032138396,2790.0
-0.0028752679999999977,0.008103572000000003,0.020338536,2809.0
-0.0018729719999999949,0.011864721999999994,0.026303576000000002,2825.0
0.002490572000000002,0.006508950000000002,0.015523004000000002,2842.0
0.006427112000000001,0.007640000000000003,0.021792604,2858.0
0.004938836000000002,0.004892199999999991,0.012234639999999996,2876.0
0.006345056000000004,0.0028783939999999842,0.017106056,2893.0
0.005342760000000002,-0.0008827560000000068,0.011141016000000004,2910.0
0.009969740000000005,-0.002059637999999997,0.008110240000000001,2927.0
0.006033200000000005,-0.003190687999999997,0.0018406400000000045,2943.0
0.011320927999999997,-0.0056445199999999975,-0.0027566919999999938,2962.0
0.009914707999999994,-0.0036307139999999906,-0.007628108,2978.0
0.014713955999999995,-0.007835603999999986,-0.010980082000000002,2994.0
0.010086975999999992,-0.0066587219999999945,-0.007949306,3012.0
0.015220835999999993,-0.011100591999999998,-0.013875200000000004,3030.0
0.009933108000000001,-0.008646759999999998,-0.009277868000000005,3045.0
0.015228712000000005,-0.013804119999999998,-0.018588208000000005,3063.0
0.010429464000000005,-0.009599230000000004,-0.015236234000000005,3079.0
0.017356758000000007,-0.013097559999999998,-0.025556755200000003,3097.0
0.012222898000000005,-0.008655689999999994,-0.019630861199999995,3114.0
0.018377978,-0.01174731,-0.033979416,3131.0
0.013082373999999997,-0.00658995,-0.024669075999999995,3147.0
0.019567774,-0.005346460000000009,-0.028846312399999997,3164.0
0.012640479999999999,-0.0018481300000000144,-0.018525791200000002,3181.0
0.009717517999999998,-0.0033859900000000167,-0.020547390000000002,3200.0
0.003562438000000001,-0.0002943700000000105,-0.006198835200000001,3215.0
-0.0008919779999999988,0.0003937239999999953,-0.0060673712,3232.0
-0.007377378000000001,-0.0008497659999999963,-0.0018901347999999998,3249.0
-0.014322624,0.001247054000000003,-0.005671119592,3268.0
-0.011399662,0.002784914000000005,-0.003649520792,3284.0
-0.014766881999999999,0.004298228000000015,-0.0092434882,3300.0
-0.010312465999999998,0.003610134000000009,-0.0093749522,3317.0
-0.012555206000000003,0.006100558000000001,-0.0121669768,3334.0
-0.005609960000000002,0.0040037380000000015,-0.008385992008,3351.0
-0.009232288,0.005413466000000011,-0.010624599408,3368.0
-0.005865068000000001,0.0039001520000000013,-0.005030632,3386.0
-0.007633020000000002,0.00690755799999998,-0.0102723126,3403.0
-0.005390279999999997,0.004417133999999989,-0.007480288,3418.0
-0.008707689999999995,0.0010628679999999946,-0.00897913,3434.0
-0.005085361999999999,-0.0003468600000000155,-0.0067405226,3451.0
-0.006622202000000005,0.003092819999999996,-0.009695386599999998,3468.0
-0.004854250000000004,8.541400000001697e-05,-0.004453705999999999,3486.0
-0.0038364819999999965,-0.0013988259999999863,-0.004099178,3503.0
-0.0024800939999999995,0.0023238320000000144,-0.004726981999999999,3523.0
-0.0024800939999999995,0.0023238320000000144,-0.004726981999999999,3539.0
0.0022162440000000005,0.003943180000000002,-0.0027717120000000013,3555.0
0.0022162440000000005,0.003943180000000002,-0.0027717120000000013,3570.0
-0.0005354579999999997,-0.000665720000000003,0.0013996599999999998,3589.0
0.0014255640000000013,-0.0010341120000000093,0.0035263059999999986,3604.0
0.007783893999999997,-0.002969952000000009,0.0135859014,3621.0
0.004624396000000003,-0.008028980000000008,0.014585495399999999,3637.0
0.004624396000000003,-0.008028980000000008,0.014585495399999999,3654.0
0.009412907999999998,-0.0028401300000000075,0.0086066248,3672.0
0.009412907999999998,-0.0028401300000000075,0.0086066248,3688.0
0.013169856000000002,-0.0015307100000000017,0.0025836466000000004,3704.0
0.017489732,-0.004049448,0.008071470180000002,3721.0
0.017489732,-0.004049448,0.008071470180000002,3738.0
0.014435154,-0.0031451579999999925,0.00952444078,3755.0
0.01421749,-0.004360757999999998,0.0104075432,3772.0
-0.0013581160000000036,-0.0073296299999999984,0.0023672580000000006,3788.0
-0.005677992000000004,-0.004810892,-0.0031205655799999995,3807.0
-0.005389588000000001,-0.002265512000000003,-0.00549778938,3822.0
-0.005389588000000001,-0.002265512000000003,-0.00549778938,3837.0
-0.005171924,-0.0010499119999999972,-0.006380891799999999,3854.0
-0.005046319999999998,0.001956832000000008,-0.0019357680000000003,3871.0
-0.006322771999999999,0.005978919999999999,-0.007108687999999999,3888.0
-0.006611176000000002,0.0034335400000000014,-0.0047314641999999995,3904.0
-0.006611176000000002,0.0034335400000000014,-0.0047314641999999995,3921.0
-0.007989627999999999,0.003920769999999995,-0.0033595562,3938.0
-0.004240734000000001,0.004804907999999997,-0.0026084420000000003,3955.0
-0.0029642820000000012,0.0007828200000000063,0.0025644779999999994,3972.0
-0.0029642820000000012,0.0007828200000000063,0.0025644779999999994,3988.0
-0.004109173999999998,0.0007650099999999993,0.0016331193999999994,4004.0
-0.004398322000000005,-0.0023531299999999923,0.000457573,4021.0
-0.0028124919999999998,-0.0026487200000000046,-0.0007349969999999997,4037.0
-0.0028124919999999998,-0.0026487200000000046,-0.0007349969999999997,4054.0
0.000590122000000004,-0.002503633999999999,-0.00023341199999999952,4072.0
0.0017350140000000013,-0.002485823999999992,0.0006979466000000004,4088.0
0.004853058000000005,-2.04800000000116e-05,-0.0016387464000000005,4105.0
0.0055051740000000016,-0.0003886800000000079,-0.0031743049999999997,4121.0
0.0055051740000000016,-0.0003886800000000079,-0.0031743049999999997,4138.0
0.0021025599999999977,-0.0005337660000000133,-0.00367589,4155.0
0.003293341999999999,-0.0007170860000000001,-0.0009172440000000004,4171.0
0.004012173999999996,-0.00044958799999998965,-0.0008472441999999997,4188.0
0.003360057999999999,-8.138799999999336e-05,0.0006883143999999994,4204.0
0.003360057999999999,-8.138799999999336e-05,0.0006883143999999994,4221.0
0.005068939999999999,-0.0001653479999999874,0.002283811599999999,4237.0
0.006579881999999998,-3.935999999999939e-05,-0.0019265651999999995,4255.0
0.004410606,-0.00014129199999999287,0.00014376640000000052,4272.0
0.005210000000000004,-0.0009083919999999912,-3.3760399999999136e-05,4289.0
0.005210000000000004,-0.0009083919999999912,-3.3760399999999136e-05,4305.0
0.0053582560000000005,-0.000894320000000004,-0.0033713335999999996,4321.0
0.0026565320000000005,-0.0008369880000000052,-0.0019196028000000003,4337.0
0.002269978,-0.0006442000000000059,-0.0013546468000000006,4355.0
0.001470583999999997,0.00012289999999999247,-0.001177120000000001,4371.0
0.001470583999999997,0.00012289999999999247,-0.001177120000000001,4388.0
-0.0005071519999999996,-1.995200000000086e-05,-0.000835227999999999,4404.0
-0.0007796419999999971,-3.949199999999653e-05,-0.003346634000000001,4422.0
-0.000393087999999997,-0.00023227999999999582,-0.003911590000000001,4438.0
-0.0009508799999999983,-3.405999999999132e-05,-0.005111932,4454.0
-0.0009508799999999983,-3.405999999999132e-05,-0.005111932,4471.0
-0.0008302819999999988,0.00017868000000000883,-0.003711748000000001,4488.0
-0.00010401000000000438,0.0007534200000000046,-0.004211330799999999,4505.0
-0.00010401000000000438,0.0007534200000000046,-0.004211330799999999,4522.0
-0.00048235600000000046,0.001177309999999987,-0.0029446132000000014,4540.0
-0.00048235600000000046,0.001177309999999987,-0.0029446132000000014,4555.0
0.0008415459999999986,0.003994273999999987,-0.005402566,4570.0
0.0022921280000000044,0.005081026,-0.004940223199999999,4588.0
0.0022921280000000044,0.005081026,-0.004940223199999999,4604.0
0.0036659779999999977,0.006008570000000013,-0.006397532799999997,4621.0
0.0036659779999999977,0.006008570000000013,-0.006397532799999997,4637.0
0.0023420759999999985,0.0031916060000000135,-0.003939579999999998,4654.0
0.0014032799999999957,0.001454813999999982,-0.001284314000000003,4672.0
0.002154777999999996,0.001513542000000001,-0.0017817499999999986,4688.0
0.0017170660000000004,-3.611199999999926e-05,-0.0003908159999999994,4704.0
0.0017170660000000004,-3.611199999999926e-05,-0.0003908159999999994,4721.0
0.0015371500000000038,-1.2120000000015452e-05,0.0010159959999999969,4737.0
0.0005715820000000039,8.272000000000279e-05,0.0009093760000000006,4755.0
0.0005201400000000023,-0.00035224000000000366,0.0018253319999999961,4770.0
-0.000764418,-0.0006033680000000041,0.003090047999999998,4788.0
-0.000764418,-0.0006033680000000041,0.003090047999999998,4804.0
-0.0005845020000000035,-0.000627359999999988,0.0016832360000000018,4821.0
-0.0014817960000000018,-0.0005485599999999868,0.002076770000000003,4840.0
-0.004961478000000003,0.0013360519999999986,0.003917885200000001,4855.0
-0.00367692,0.0015871799999999992,0.0026531691999999996,4871.0
-0.00367692,0.0015871799999999992,0.0026531691999999996,4888.0
-0.007887368,0.003394879999999989,0.0016477579999999992,4904.0
-0.009369302000000001,0.007330619999999999,-0.004086066000000002,4922.0
-0.006589676,0.005822240000000001,-0.0063457012000000005,4937.0
-0.009803503999999996,0.012872585999999986,-0.012725783199999998,4954.0
-0.009803503999999996,0.012872585999999986,-0.012725783199999998,4970.0
-0.005593055999999996,0.011064885999999996,-0.011720371999999998,4987.0
-0.006850599999999996,0.012514589999999992,-0.012837791999999997,5003.0
-0.010117601999999998,0.01698724599999999,-0.01857748,5021.0
-0.006903774000000001,0.009936900000000004,-0.012197398000000003,5038.0
-0.010644812000000003,0.013859504000000012,-0.016721675999999998,5055.0
-0.010644812000000003,0.013859504000000012,-0.016721675999999998,5070.0
-0.009646976000000007,0.011917823999999999,-0.01567645,5087.0
-0.006379974000000005,0.007445168000000002,-0.009936761999999998,5104.0
-0.006379974000000005,0.007445168000000002,-0.009936761999999998,5121.0
-0.004140843999999999,0.004467421999999999,-0.006916524000000002,5138.0
-0.006039578000000001,0.0056845959999999975,-0.00972748,5154.0
-0.003400641999999998,0.0021620320000000025,-0.004314995999999993,5171.0
-0.003400641999999998,0.0021620320000000025,-0.004314995999999993,5188.0
-0.0036508559999999914,0.0012337800000000066,-0.004795455999999998,5204.0
-0.0007066699999999981,-0.003395866000000003,-0.001969292,5221.0
0.0011920640000000037,-0.004613040000000001,0.0008416639999999975,5238.0
0.0027862800000000077,-0.011578666000000005,0.004669143999999991,5255.0
0.0027862800000000077,-0.011578666000000005,0.004669143999999991,5272.0
0.0030364940000000007,-0.010650414000000007,0.005149603999999997,5288.0
0.007324665999999996,-0.009817737999999998,0.005611087999999998,5304.0
0.011750875999999999,-0.01762617999999999,0.013572075999999999,5321.0
0.010156659999999994,-0.010660553999999989,0.009744596000000005,5338.0
0.013752227999999995,-0.015363919999999998,0.014955424,5356.0
0.013752227999999995,-0.015363919999999998,0.014955424,5373.0
0.010255784,-0.016639387999999998,0.018178654,5389.0
0.005829573999999999,-0.008830946000000006,0.010217665999999997,5406.0
0.006704206000000002,-0.014022466000000011,0.016864727999999996,5425.0
0.0031086380000000025,-0.009319100000000002,0.0116539,5443.0
0.002448146000000001,-0.010996199999999989,0.016275024000000003,5459.0
0.00021414000000000155,-0.006868619999999992,0.011268186,5476.0
-0.0009364139999999965,-0.009303060000000007,0.01621747,5494.0
-0.0018110459999999995,-0.004111540000000002,0.009570408000000002,5510.0
-0.004772198,-0.005655940000000003,0.015877962000000002,5526.0
-0.004111705999999998,-0.0039788400000000165,0.011256838,5543.0
-0.008428483999999997,-0.005311880000000002,0.0158024316,5559.0
-0.007277929999999999,-0.0028774399999999868,0.0108531476,5577.0
-0.007896394000000001,-0.003214207999999985,0.0137957574,5594.0
-0.004935242000000001,-0.0016698079999999838,0.007488203400000002,5611.0
-0.008883977999999997,-0.0015828599999999859,0.009400177200000002,5629.0
-0.004567199999999999,-0.0002498200000000006,0.004854583599999999,5645.0
-0.005107275999999999,0.00022697400000000202,0.0037035463999999995,5662.0
-0.004488811999999997,0.0005637420000000004,0.0007609365999999999,5679.0
-0.005272315999999999,0.00023467600000000034,-0.0014368534000000002,5696.0
-0.001323580000000002,0.0001477280000000025,-0.0033488272,5712.0
-0.0023878920000000026,0.0016423859999999957,-0.0033909320000000006,5730.0
-0.0018478160000000021,0.001165591999999993,-0.002239894800000001,5746.0
-0.0025729239999999986,0.001094085999999983,-0.004451418,5766.0
-0.001789419999999997,0.001423151999999983,-0.0022536280000000006,5781.0
-0.0011648960000000042,0.0027565319999999895,-0.0020004750000000003,5798.0
-0.00010058400000000356,0.0012618739999999962,-0.0019583701999999993,5816.0
0.00033980599999999805,0.0013986539999999881,-0.0026247977999999993,5833.0
0.0010649139999999945,0.0014701599999999981,-0.00041327459999999927,5848.0
0.0019025199999999965,0.001804220000000001,-0.00033922200000000013,5865.0
0.0012779960000000035,0.0004708399999999946,-0.0005923750000000006,5881.0
0.002807754000000007,-0.0002573600000000065,-0.003065204999999999,5898.0
0.002367364000000005,-0.0003941399999999984,-0.0023987773999999988,5915.0
0.002163773999999996,-4.7679999999994394e-05,-0.0028416633999999996,5933.0
0.0013261679999999943,-0.00038173999999999706,-0.0029157159999999988,5948.0
0.004472083999999999,0.0001554200000000172,-0.003887462,5966.0
0.002942325999999995,0.0008836200000000183,-0.0014146320000000018,5981.0
0.003643573999999994,0.0004037999999999986,-0.0032978060000000003,5999.0
0.0038471640000000027,5.7339999999994616e-05,-0.0028549199999999995,6016.0
0.0055775280000000035,0.0007381400000000093,-0.002453614000000001,6032.0
0.0024316119999999997,0.00020097999999999506,-0.0014818680000000001,6048.0
0.0021814339999999986,-0.0006282600000000027,-0.0033823972000000006,6065.0
0.001480186,-0.00014843999999998304,-0.0014992232000000023,6082.0
0.0026432440000000003,0.00037314000000001626,-0.002638482,6099.0
0.0009128799999999993,-0.0003076599999999985,-0.003039787999999999,6116.0
0.0023391900000000023,0.0001601399999999975,-0.0033624159999999987,6133.0
0.002589368000000003,0.0009893799999999952,-0.001461886799999998,6150.0
0.0033863179999999993,0.001466299999999987,-0.0027378087999999994,6169.0
0.002223259999999999,0.0009447199999999878,-0.0015985500000000013,6185.0
0.0036481560000000022,0.0010027259999999983,-0.0029177200000000013,6201.0
0.0022218459999999995,0.0005349260000000022,-0.0025950920000000015,6219.0
0.0017154219999999999,-0.0006307740000000006,-0.0038072120000000017,6236.0
0.0009184720000000035,-0.0011076939999999924,-0.00253129,6252.0
0.0016291140000000038,-0.0007542999999999855,-0.0025594228,6269.0
0.00020421800000000045,-0.0008123059999999959,-0.0012402527999999997,6287.0
0.0009961799999999965,-0.0010736260000000053,-0.0031542299999999996,6305.0
0.0018104719999999963,0.00030354399999998893,-0.001894282,6322.0
0.0018104719999999963,0.00030354399999998893,-0.001894282,6339.0
0.0018547659999999966,-9.301999999999921e-05,-0.0023990632000000013,6355.0
0.0018547659999999966,-9.301999999999921e-05,-0.0023990632000000013,6371.0
0.0010628040000000005,0.0001683000000000101,-0.0004850860000000012,6389.0
0.0008244040000000008,-9.093000000000017e-05,0.0004672040000000016,6406.0
0.0007790400000000031,0.0005545100000000191,0.0006491180000000013,6422.0
2.4104000000002566e-05,0.0005976800000000004,0.0011820320000000023,6438.0
0.0006246680000000004,-0.0001371000000000011,0.0007003780000000015,6456.0
0.0006246680000000004,-0.0001371000000000011,0.0007003780000000015,6472.0
0.00011458400000000091,3.571200000000996e-05,0.0006890299999999988,6489.0
0.00015994799999999865,-0.0006097280000000094,0.0005071159999999991,6508.0
-0.00017596000000000278,-0.0007675740000000042,0.0020189280000000006,6523.0
-0.0007765240000000007,-3.2794000000002654e-05,0.002500582000000001,6540.0
-0.0007765240000000007,-3.2794000000002654e-05,0.002500582000000001,6557.0
0.0013503500000000002,-0.00038162600000000155,0.0022231580000000003,6574.0
0.000786180000000003,-0.0005105860000000018,0.0031809329999999995,6592.0
0.0011220880000000044,-0.0003527400000000069,0.0016691209999999985,6609.0
0.000982284,-0.0009197660000000108,0.0009435659999999984,6626.0
0.000982284,-0.0009197660000000108,0.0009435659999999984,6643.0
-0.00019968799999999786,-0.0003582339999999906,0.0031289100000000012,6659.0
0.0003644819999999993,-0.00022927399999999042,0.002171135000000002,6678.0
-0.00026757199999999923,-0.000169693999999998,0.0021381378000000007,6695.0
-0.00012776799999999477,0.00039733200000000577,0.0028636928000000004,6710.0
0.00029060399999999986,-0.0003377799999999986,0.0032113071999999993,6727.0
-0.00021368200000000394,-0.000675532000000012,0.00031461719999999747,6744.0
0.0004381479999999993,-1.9772000000006783e-05,0.0013407229999999992,6762.0
0.001070201999999998,-7.93519999999992e-05,0.0013737202000000004,6778.0
0.0003063679999999958,-9.43920000000098e-05,0.0014029503999999997,6796.0
-0.00011200399999999888,0.0006407199999999946,0.0010553360000000011,6811.0
-0.00011358399999999991,0.002233620000000003,-0.0001794811999999979,6829.0
-0.0007654140000000031,0.0015778599999999976,-0.0012055869999999997,6844.0
-0.0002918000000000032,0.005485099999999998,-0.0013046269999999998,6862.0
0.00047203399999999894,0.005500140000000009,-0.0013338571999999993,6878.0
-0.00032470799999999577,0.01160034000000001,-0.005925512399999999,6897.0
-0.00032312799999999474,0.010007440000000001,-0.0046906952,6912.0
-0.00027030599999999794,0.019266248000000007,-0.010849048,6929.0
-0.000743919999999998,0.015359008000000007,-0.010750008,6945.0
0.0008252320000000035,0.02798988,-0.020508814000000004,6964.0
0.0016219739999999983,0.02188968,-0.015917158800000004,6980.0
0.002005081999999997,0.03353652,-0.0200193408,6997.0
0.0019522600000000001,0.024277711999999996,-0.013860988000000001,7014.0
0.0012000320000000008,0.038271386,-0.019076252,7031.0
-0.00036912000000000056,0.025640514000000003,-0.009317445999999997,7047.0
-0.003040404000000002,0.043659527999999996,-0.015986490000000003,7065.0
-0.003423512000000001,0.032012688,-0.011884308000000005,7081.0
0.0009145799999999982,0.045766549999999996,-0.012574196,7098.0
0.0016668079999999975,0.03177287599999999,-0.007358932000000001,7114.0
0.0035475140000000016,0.047157538,-0.012208555999999999,7133.0
0.006218798000000003,0.029138524,-0.005539511999999991,7149.0
0.006159914,0.04038241520000001,0.0017076000000000092,7166.0
0.0018218220000000007,0.026628553200000005,0.002397488000000003,7181.0
0.0041665439999999995,0.038511794,0.0027217880000000028,7200.0
0.0022858379999999958,0.023127132,0.007571412,7215.0
0.000997899999999996,0.032221156,0.011272095999999999,7232.0
0.0010567839999999994,0.0209772648,0.004024983999999998,7249.0
0.004254968000000003,0.0250798048,0.006283713999999996,7268.0
0.0019102460000000043,0.013196564,0.005959413999999996,7284.0
0.0028008279999999996,0.019288218,0.008682298,7299.0
0.004088765999999999,0.010194193999999998,0.0049816140000000005,7313.0
0.005839650000000002,0.018305039999999998,0.011466122,7331.0
0.0026414659999999977,0.014202499999999998,0.009207392000000003,7348.0
0.0025553479999999964,0.016802132,0.010175371999999999,7365.0
0.001664766000000001,0.010710478,0.007452487999999996,7381.0
0.003928382000000003,0.017729808000000003,0.014781187999999995,7399.0
0.002177498,0.009618962000000003,0.008296679999999996,7416.0
0.005283540000000001,0.012089598000000002,0.011315201999999996,7431.0
0.005369658000000002,0.009489965999999999,0.010347222,7448.0
0.007748962000000001,0.0106709,0.012241696800000002,7466.0
0.0054853459999999995,0.0036515699999999985,0.004912996800000002,7483.0
0.015089234000000002,0.007975993999999997,0.017836094400000002,7501.0
0.011983192,0.005505357999999999,0.014817572400000001,7519.0
0.007915243999999998,0.006358453999999997,0.013050986,7533.0
0.0055359400000000005,0.005177519999999996,0.0111565112,7551.0
0.006304496800000001,0.0053022139999999995,0.0132096768,7567.0
-0.0032993912,0.0009777900000000005,0.0002865792000000006,7584.0
-0.0021808619999999987,0.0003074420000000022,0.0011581896000000009,7600.0
0.0018870860000000018,-0.0005456539999999955,0.0029247760000000013,7618.0
0.001606244000000001,-0.0003505199999999986,0.0034289840000000004,7634.0
0.0008376872000000008,-0.0004752140000000016,0.0013758183999999993,7651.0
0.0048496038,-0.0019989959999999972,0.0017350195999999997,7668.0
0.004851608999999998,-0.0010605340000000019,-0.00013608900000000034,7688.0
0.004851608999999998,-0.0010605340000000019,-0.00013608900000000034,7702.0
0.005132450999999999,-0.0012556679999999986,-0.0006402969999999994,7718.0
0.005975039999999999,-0.0010552400000000018,-0.002188348999999999,7735.0
0.0019631234,0.000468541999999994,-0.0025475501999999996,7753.0
0.0008247376000000001,-0.005994843999999999,-0.0018703462000000004,7770.0
0.0008247376000000001,-0.005994843999999999,-0.0018703462000000004,7787.0
-0.001123168999999999,-0.007495569999999996,-0.004189205000000001,7803.0
-0.0033291784000000005,-0.008376539999999993,-0.004765081000000002,7821.0
-0.0033291784000000005,-0.008376539999999993,-0.004765081000000002,7837.0
-0.004673880599999999,0.0002515660000000031,-0.0024786468000000004,7856.0
-0.004673880599999999,0.0002515660000000031,-0.0024786468000000004,7871.0
-0.0043976188,0.0055810919999999984,-0.0024326799999999983,7888.0
-0.003034198399999999,0.006261633999999999,-0.00030875199999999824,7905.0
-0.0018373221999999994,0.0006492259999999972,-0.007313394799999998,7922.0
-0.0004747686000000001,-0.0017836080000000031,-0.009277534799999997,7939.0
-0.0003650040000000007,-0.0016740680000000008,-0.013088418,7956.0
0.0013066407999999987,-0.005502867999999999,-0.010815526,7973.0
0.001576486199999999,-0.006426930000000003,-0.012836886,7991.0
0.0003796099999999997,-0.0008145220000000009,-0.005832243200000001,8009.0
-0.0008445293999999992,-0.0006683359999999971,-0.005982923200000004,8024.0
-0.0009542939999999985,-0.0007778759999999996,-0.0021720400000000027,8041.0
-0.0005727620000000003,-0.0010424120000000036,-0.004804896000000003,8059.0
-0.0008426074000000006,-0.0001183500000000004,-0.002783536000000003,8075.0
-0.0034896973999999996,0.007722152000000005,0.001929712,8092.0
-0.002265558000000001,0.007575966000000001,0.002080392000000003,8111.0
-0.0007258652000000004,0.007798337999999999,-0.00202136,8127.0
-0.0011073971999999987,0.008062874000000003,0.0006114960000000002,8145.0
-0.002413778999999999,0.007687258000000002,0.0023355000000000016,8163.0
0.00023331099999999994,-0.00015324400000000238,-0.0023777480000000016,8178.0
-0.001505532000000001,0.0019410839999999985,0.0009640700000000002,8195.0
-0.0030452248000000016,0.001718712,0.005065822000000003,8212.0
-0.0057964828,-0.0013109320000000036,0.0066830160000000026,8229.0
-0.004490100999999999,-0.0009353160000000027,0.004959012000000001,8246.0
-0.0018227749999999987,-0.0032628659999999975,0.0033912659999999983,8263.0
-8.393199999999768e-05,-0.005357193999999998,4.9447999999996386e-05,8279.0
-0.00023588599999999904,-0.0018351200000000013,0.0021559720000000004,8296.0
0.0025153719999999992,0.0011945240000000024,0.0005387780000000008,8314.0
0.0035487939999999996,-0.0011414639999999976,-0.0005176080000000027,8331.0
0.0008814679999999992,0.0011860859999999972,0.0010501380000000004,8347.0
0.0038175039999999993,0.003735721999999997,0.0017380240000000019,8365.0
0.003969458,0.0002136479999999996,-0.0003685000000000022,8381.0
0.003985036,-0.003501248000000001,0.0009469499999999991,8397.0
0.0029516139999999995,-0.0011652600000000013,0.0020033360000000027,8415.0
0.0016670500000000004,-0.004184426000000002,0.004701186000000001,8432.0
-0.0012689859999999997,-0.006734062000000002,0.0040133,8449.0
-0.00018492600000000192,-0.010179948,0.006939077000000002,8468.0
-0.00020050400000000136,-0.006465051999999999,0.005623627000000001,8485.0
0.0010169323999999994,-0.007099032,0.004350947999999999,8500.0
0.0023014963999999985,-0.004079865999999999,0.001653098,8519.0
0.0097581686,-0.0010945919999999997,0.0009843340000000006,8534.0
0.008674108600000003,0.002351293999999998,-0.001941443000000001,8551.0
0.009052470000000002,0.0006885760000000018,0.00035419499999999883,8568.0
0.007835033600000001,0.0013225560000000025,0.0016268740000000004,8586.0
0.0083432078,0.000770282,0.003075124000000001,8602.0
0.0008865355999999998,-0.002214991999999999,0.0037438880000000008,8621.0
0.0014228746,-0.0035017140000000004,0.004289580000000001,8636.0
0.0020503356,-0.002419270000000001,0.002756214000000001,8654.0
0.0020503356,-0.002419270000000001,0.002756214000000001,8670.0
0.0015421614,-0.0018669959999999986,0.0013079640000000004,8687.0
0.0020317584,-0.0014879699999999995,0.0023770319999999985,8704.0
-0.0005032480000000006,-0.010532438,0.003386592799999999,8721.0
-0.0015090704000000003,-0.009952164000000003,0.002624320799999999,8738.0
-0.0022904232000000003,-0.009569526,0.002984237399999999,8757.0
-0.0022904232000000003,-0.009569526,0.002984237399999999,8773.0
-0.0027800202000000003,-0.009948552,0.001915169400000001,8789.0
-0.0006757811999999995,0.0010745880000000041,3.724120000000025e-05,8806.0
-0.0005766911999999999,0.0011958479999999994,0.0009443281999999998,8824.0
0.00020466160000000012,0.0008132099999999976,0.0005844115999999996,8839.0
0.00020466160000000012,0.0008132099999999976,0.0005844115999999996,8856.0
2.44230000000005e-05,0.0010618459999999995,-0.00020546939999999957,8873.0
0.0009859623999999997,0.0077349679999999974,0.00023212400000000022,8892.0
0.0008868724000000002,0.007613708000000002,-0.0006749629999999992,8908.0
0.0014297394,0.007054710000000003,-0.00018753999999999993,8924.0
0.0014297394,0.007054710000000003,-0.00018753999999999993,8941.0
0.001327245,0.006559860000000001,0.00039033919999999916,8958.0
0.0002601340000000001,-0.0008052119999999996,0.0002754211999999992,8975.0
-9.219799999999958e-05,-0.007746041999999997,-0.00046963680000000065,8993.0
-0.0006350649999999995,-0.007187043999999998,-0.0009570598,9010.0
-0.00043977339999999967,0.001050245999999999,-3.705019999999948e-05,9028.0
-0.00015704039999999976,0.0012964599999999993,0.00017495160000000065,9044.0
0.0006900920000000001,0.002604592,0.0003980635999999996,9062.0
0.0010424239999999997,0.009545421999999998,0.0011431215999999993,9078.0
0.0020797028599999997,-0.0015424960000000043,-8.873920000000007e-05,9094.0
0.0018844112599999997,-0.009779786000000002,-0.0010087488000000006,9111.0
0.0009422451999999998,-0.007961094000000002,-0.000756358800000001,9130.0
9.51127999999999e-05,-0.009269226000000002,-0.0009794708,9145.0
8.321419999999975e-05,-0.00886265,-0.0011945723999999991,9163.0
-0.0009540646600000001,0.0022252680000000025,3.7288400000000387e-05,9179.0
-0.00083568386,0.0023429279999999998,-9.174399999999915e-05,9197.0
0.0001064822,0.0005242360000000002,-0.0003441339999999987,9213.0
0.00013099160000000013,0.00010042200000000001,0.00021076200000000046,9232.0
0.00014289020000000027,-0.0003061540000000029,0.0004258635999999996,9248.0
0.00013310300000000003,-0.0004101279999999985,-0.00011954240000000144,9266.0
1.4722199999999894e-05,-0.0005277879999999957,9.489999999998112e-06,9282.0
0.0004756971999999998,-0.00012201199999999912,0.0001437189999999991,9299.0
0.0004511877999999997,0.000301802000000001,-0.0004111770000000001,9317.0
0.0008391335199999999,5.412000000004635e-06,-0.0003153327999999997,9334.0
0.0008489207200000001,0.0001093860000000002,0.00023007320000000136,9350.0
0.0009998874000000002,0.0001622919999999972,0.00012001920000000166,9367.0
0.0005389124000000003,-0.00024348399999999938,-1.4209799999999328e-05,9386.0
0.0006066188000000002,1.3553999999998956e-05,-0.00010452299999999942,9401.0
0.00021867308,0.0003099439999999953,-0.0002003671999999998,9417.0
0.0003981411399999999,-0.00028833200000000225,-0.0002829551999999999,9434.0
0.0002471744599999999,-0.00034123799999999924,-0.0001729012000000002,9452.0
-0.00024722371999999997,0.0002333279999999993,-6.0272199999999995e-05,9469.0
-0.00031493011999999995,-2.370999999999901e-05,3.0041000000000094e-05,9486.0
0.00042094584000000005,9.478400000000331e-05,0.000662708599999999,9502.0
0.00105880498,0.009570658,0.0021231652000000003,9521.0
0.00105880498,0.009570658,0.0021231652000000003,9537.0
0.0020850047399999998,0.011310600000000004,0.0005407329999999988,9555.0
0.0020850047399999998,0.011310600000000004,0.0005407329999999988,9570.0
0.00134912878,0.011192106000000002,-9.193460000000014e-05,9587.0
-0.00050749332,-0.008782587999999997,-0.0004669666000000003,9604.0
0.00058576316,-0.009080933999999995,-0.0008250236000000008,9622.0
5.3961579999999967e-05,-0.011395442,0.0006447796000000006,9638.0
5.3961579999999967e-05,-0.011395442,0.0006447796000000006,9656.0
0.0006607264399999999,-0.003442704000000002,0.0012364868,9672.0
0.0017318516799999998,0.0012605659999999964,0.0006426333999999991,9691.0
0.0006385952,0.0015589119999999956,0.0010006903999999997,9708.0
0.0021925449999999997,0.012401641999999996,0.0010966777999999997,9723.0
0.0021925449999999997,0.012401641999999996,0.0010966777999999997,9740.0
0.00125600694,-0.002928626000000001,9.102820000000123e-05,9757.0
0.0012241766,0.0034652000000000016,-0.00031795499999999894,9775.0
0.0009214192000000001,0.000990188000000003,-0.0001891612000000001,9792.0
-0.0006325306,-0.009852541999999997,-0.00028514860000000003,9809.0
-0.0011864528,-0.008427251999999996,-1.5354199999999264e-05,9825.0
-0.0008566795999999998,-0.0010497219999999973,0.0003985881999999996,9844.0
0.0002517387999999999,-0.0016098139999999983,-0.00028004640000000024,9862.0
0.0005544961999999997,0.0008651980000000004,-0.0004088401999999991,9876.0
0.0010825887999999996,0.0010743740000000001,-0.0003511427999999997,9893.0
0.0016365109999999996,-0.00035091600000000114,-0.0006209372000000005,9911.0
0.0016926662000000003,2.1827999999995963e-05,-0.0008089066000000006,9928.0
0.0005842478000000005,0.0005819199999999968,-0.00013027200000000072,9944.0
-0.0005161211999999999,-0.0009373779999999998,-0.00010314000000000018,9962.0
-0.0010442137999999996,-0.0011465539999999997,-0.00016083739999999959,9979.0
-0.0017735779999999996,-0.0020397900000000023,-0.0005124093999999996,9996.0
-0.0018297332000000003,-0.0024125339999999996,-0.00032443999999999946,10012.0
-0.0025761546000000004,-0.0035880219999999963,-0.001780796600000001,10030.0
-0.0014757856,-0.0020687239999999996,-0.0018079286000000014,10048.0
-0.0020921066,-0.0023767719999999992,-0.002476310599999999,10064.0
-0.0013627424,-0.0014835359999999965,-0.0021247385999999995,10080.0
-0.00114256284,-0.0017498979999999997,-0.002324438599999999,10097.0
-0.00039614144,-0.000574410000000003,-0.0008680819999999978,10116.0
0.0019448905999999999,0.004278625999999996,-0.004431771999999998,10133.0
0.0025612115999999996,0.004586673999999996,-0.0037633899999999997,10148.0
0.0045620964,0.004051207999999995,-0.003612995200000002,10166.0
0.00434191684,0.004317569999999998,-0.003413295200000002,10182.0
0.0017143458399999998,0.005235267999999999,-0.007102966000000002,10199.0
-0.0006266861999999998,0.000382231999999999,-0.0035392760000000022,10217.0
-0.0009123132,-0.0019459620000000012,-0.005431318000000002,10233.0
-0.0029131979999999997,-0.001410496,-0.005581712799999999,10252.0
-0.0042572693,-0.0013700359999999968,-0.0103037828,10268.0
-0.0016296983,-0.002287733999999997,-0.006614112,10284.0
-0.0050248698,-0.012132465999999998,-0.011809922,10301.0
-0.0047392428,-0.009804271999999998,-0.00991788,10318.0
-0.0069401934,-0.024675940999999996,-0.027381944000000002,10334.0
-0.005596122100000001,-0.024716401,-0.022659874000000003,10351.0
-0.0063548445,-0.03287832734,-0.030638982000000002,10369.0
-0.0028299375999999996,-0.0338319126,-0.03262786799999999,10387.0
-0.0028299375999999996,-0.0338319126,-0.03262786799999999,10404.0
-0.0006289869999999996,-0.0189602436,-0.015163803999999993,10418.0
-0.0010612159999999996,-0.026873571000000002,-0.019319819999999998,10436.0
-0.0003024935999999999,-0.01871164466,-0.011340711999999998,10453.0
-0.0008452384000000007,-0.0164314454,-0.007667588000000003,10469.0
0.0005559056,-0.0266071674,-0.011540556000000002,10486.0
0.0005559056,-0.0266071674,-0.011540556000000002,10502.0
0.0021617977999999994,-0.03267337,-0.013919972000000003,10523.0
0.0021617977999999994,-0.03267337,-0.013919972000000003,10537.0
0.0025748072,-0.024155252,-0.010408400000000007,10553.0
0.0013961375999999998,-0.026339046000000005,-0.010776112000000004,10570.0
0.001964006,-0.038257718,-0.014173508000000001,10588.0
0.0007903428000000004,-0.024278188,-0.007638075999999994,10604.0
0.0007903428000000004,-0.024278188,-0.007638075999999994,10620.0
0.0006193548,-0.037940336,-0.011450625999999997,10637.0
0.00039688039999999993,-0.025580819999999994,-0.007209946,10655.0
-0.0006530822000000005,-0.02612765399999999,-0.006740760000000001,10671.0
-0.0015346200000000004,-0.03851282,-0.009079604000000008,10689.0
-0.0015346200000000004,-0.03851282,-0.009079604000000008,10705.0
-0.001363632,-0.024850672000000008,-0.0052670540000000045,10722.0
-0.0018412142,-0.036051240000000005,-0.0071114539999999945,10738.0
-0.0013591199999999997,-0.023585734000000014,-0.004183243999999997,10754.0
-0.0017670659999999999,-0.022947658000000003,-0.003993939999999996,10773.0
-0.0025501699999999996,-0.032682002,-0.005763339999999983,10788.0
-0.0025501699999999996,-0.032682002,-0.005763339999999983,10804.0
-0.0028180092,-0.02889641999999999,-0.005037069999999999,10821.0
-0.0028180092,-0.02889641999999999,-0.005037069999999999,10838.0
-0.0015285254,-0.017149329999999983,-0.0028875299999999936,10855.0
-0.0024457214000000007,-0.014553506000000004,-0.0024673200000000063,10872.0
-0.0022772728000000006,-0.018184054000000005,-0.002814020000000017,10889.0
-0.0015318514000000004,-0.010769068000000015,-0.001695890000000011,10904.0
-0.0015318514000000004,-0.010769068000000015,-0.001695890000000011,10919.0
-0.0022861361999999994,-0.0135081,-0.001133010000000012,10936.0
-0.0005858361999999992,-0.006369579999999986,0.00021617999999998805,10954.0
-0.0023343952,-0.005187791999999991,0.0017148000000000163,10970.0
-0.0023343952,-0.005187791999999991,0.0017148000000000163,10987.0
-0.004544017199999998,-0.006450551999999998,0.003660960000000002,11004.0
-0.0064010583999999995,-0.004447488000000011,0.0062032000000000085,11023.0
-0.0064010583999999995,-0.004447488000000011,0.0062032000000000085,11039.0
-0.0048209479999999985,-0.001998728000000005,0.005051279999999991,11056.0
-0.005478772,6.101999999998942e-05,0.009329267999999991,11072.0
-0.004178380000000001,0.004043812000000013,0.012265228000000006,11089.0
-0.001567054000000001,0.004779780000000011,0.009160108,11106.0
-0.0032362200000000006,0.007727648000000009,0.015759391999999994,11123.0
-0.0032362200000000006,0.007727648000000009,0.015759391999999994,11140.0
-0.002786437,0.010807880000000014,0.020546891999999994,11157.0
-0.001877207,0.008087847999999998,0.015664771999999993,11176.0
-0.0033376608000000004,0.012172877999999998,0.02680225199999999,11192.0
-0.0016684948000000005,0.00922501,0.020202967999999998,11208.0
-0.003963772000000002,0.011843727999999998,0.03154440000000001,11225.0
-0.003755731000000001,0.006703747999999998,0.022478912000000007,11242.0
-0.005567958999999997,0.006864779999999992,0.034414860000000005,11259.0
-0.0041075051999999975,0.002779749999999992,0.023277380000000004,11277.0
-0.0035979652,0.003281669999999992,0.036175682,11293.0
-0.0013026879999999991,0.0006629519999999944,0.024834249999999995,11311.0
-0.0040136739999999975,-0.004078460000000006,0.03707838,11327.0
-0.0022014460000000014,-0.004239492,0.025142432000000003,11343.0
-0.005343326000000004,-0.010315111999999993,0.036517573000000005,11361.0
-0.005852866000000001,-0.010817031999999994,0.023619271000000004,11377.0
-0.00791812,-0.017290119999999985,0.0340659148,11395.0
-0.005207134000000002,-0.012548707999999987,0.0218217848,11411.0
-0.0028495859999999986,-0.01574123999999999,0.008769607399999999,11428.0
0.00029229400000000403,-0.009665619999999996,-0.0026055336000000004,11447.0
-0.022063608000000002,-0.036981127999999995,0.024958133,11463.0
-0.019998354000000003,-0.030508040000000004,0.0145114892,11479.0
-0.028952253999999993,-0.04322176,0.0217578412,11495.0
-0.031309802,-0.04002922799999999,0.034810018600000006,11513.0
-0.031133148,-0.05423988799999999,0.047563314599999997,11531.0
-0.008777245999999994,-0.02692437999999999,0.019999648,11547.0
-0.009411006,-0.04033408000000001,0.029795552000000003,11565.0
-0.00045710600000000714,-0.02762036000000001,0.022549200000000002,11581.0
0.005188059999999994,-0.03463921999999999,0.026420307999999997,11598.0
0.005011405999999996,-0.020428559999999995,0.013667012000000001,11616.0
-0.0005195000000000061,-0.02004594000000002,0.006025124000000004,11633.0
0.00011425999999999936,-0.006636240000000004,-0.0037707800000000014,11649.0
0.0009550920000000018,-0.00697087999999999,-0.004309844000000002,11666.0
-0.004690074,4.797999999999192e-05,-0.008180951999999997,11681.0
0.009879692,-0.004495640000000023,0.0002937780000000001,11697.0
0.015410598000000003,-0.004878260000000001,0.007935665999999997,11714.0
0.011343372000000008,-0.0027353999999999877,0.011403655999999995,11730.0
0.010502540000000005,-0.0024007600000000018,0.011942719999999995,11748.0
0.013478148,-0.0025180800000000223,0.005891941999999995,11764.0
-0.0010916179999999997,0.0020255399999999923,-0.0025827880000000025,11783.0
0.013228314000000001,0.019395279999999994,-0.041221808799999995,11798.0
0.017295539999999998,0.01725241999999998,-0.0446897988,11815.0
0.018145907999999995,0.018882120000000002,-0.045247984399999996,11832.0
0.015170299999999998,0.018999440000000024,-0.0391972064,11848.0
0.014081048000000002,0.01694216000000002,-0.03695459399999999,11863.0
-0.00023888400000000032,-0.000427579999999983,0.0016844267999999996,11880.0
-0.0005280960000000001,-0.002316420000000008,0.0014978408,11898.0
-0.001378463999999996,-0.00394612000000003,0.0020560263999999996,11914.0
0.0035826860000000016,-0.002827880000000027,-0.0037971976000000006,11933.0
0.004671937999999998,-0.0007706000000000212,-0.00603981,11948.0
0.0036617819999999967,-0.0026216600000000144,-0.0047650333999999985,11965.0
0.003950993999999997,-0.0007328199999999896,-0.0045784473999999995,11982.0
0.00458017,-0.0012243400000000015,-0.0048581119999999995,11999.0
-0.00038097999999999745,-0.002342580000000005,0.0009951120000000007,12015.0
1.1260000000012927e-06,-0.0010685199999999728,0.0007242204000000002,12034.0
0.0010112820000000022,0.0007825400000000205,-0.0005505562000000005,12049.0
0.00039847000000000076,-0.0007736399999999754,0.00037736899999999963,12066.0
-0.00023070600000000275,-0.00028211999999996353,0.0006570335999999996,12085.0
-0.0017690660000000025,-0.000978219999999963,0.0014337059999999999,12100.0
-0.002151172000000001,-0.0022522799999999954,0.0017045976000000004,12115.0
-0.0022308580000000022,-0.0016068399999999983,0.0018444061999999997,12132.0
-0.0016180460000000008,-5.066000000000237e-05,0.0009164809999999996,12149.0
-0.002130556,0.0002877999999999936,0.0003841399999999995,12166.0
-0.0005921960000000003,0.000983899999999993,-0.0003925324000000008,12182.0
-0.0012692399999999992,7.561999999996515e-05,4.839899999999897e-05,12200.0
-0.0011895539999999983,-0.000569820000000032,-9.140960000000032e-05,12216.0
-0.0011100539999999992,-0.0005281200000000208,-0.00016508100000000024,12234.0
-0.0005975439999999999,-0.0008665800000000167,0.0003672599999999998,12248.0
-0.00093549,-0.0011596200000000057,0.00040063840000000017,12265.0
-0.00025844600000000104,-0.0002513399999999777,-4.029299999999958e-05,12282.0
3.158999999999801e-05,0.00016770000000003725,-0.00027985579999999927,12300.0
-4.791000000000101e-05,0.0001260000000000261,-0.0002061843999999993,12316.0
0.0005617560000000021,-0.0001599000000000128,0.0004978656000000012,12333.0
0.0008997020000000022,0.00013313999999997606,0.0004644872000000008,12350.0
0.00025829800000000126,-7.964000000000304e-05,0.0010475640000000008,12367.0
-3.1737999999997825e-05,-0.000498680000000018,0.0012871268000000005,12386.0
0.000718975999999999,-0.0007243600000000239,0.0007663727999999995,12402.0
0.0001093099999999958,-0.000438459999999985,6.232279999999896e-05,12417.0
9.154799999999685e-05,-0.00111393999999998,0.0005081653999999991,12434.0
0.0015635299999999964,0.0015429999999999832,-0.0018608096000000004,12452.0
0.0015635299999999964,0.0015429999999999832,-0.0018608096000000004,12467.0
0.0008128159999999995,0.001768679999999989,-0.0013400555999999995,12484.0
0.0009061800000000009,0.002848059999999997,-0.0011903287999999999,12500.0
0.0009239419999999999,0.0035235399999999917,-0.0016361714,12517.0
-0.0014800239999999965,-0.0002823799999999821,0.0020940303999999995,12535.0
-0.0014800239999999965,-0.0002823799999999821,0.0020940303999999995,12551.0
-0.0008895819999999999,0.0006055799999999945,0.001200675999999999,12567.0
-0.0009829460000000013,-0.0004738000000000131,0.0010509491999999994,12584.0
0.0019126660000000017,0.004306499999999991,-0.0046940326,12601.0
0.0034860539999999997,0.0056682599999999805,-0.0066383362,12618.0
0.0027455320000000006,0.010688439999999976,-0.0076060296,12634.0
0.002155090000000004,0.00980048,-0.006712675199999999,12652.0
-0.0038770799999999993,0.005573080000000008,-0.002488231599999999,12667.0
-0.006772692000000002,0.000792780000000004,0.0032567502000000006,12683.0
-0.008180749999999997,0.004741220000000013,0.003930234999999999,12700.0
-0.007440227999999998,-0.00027895999999998365,0.0048979283999999994,12717.0
-0.008946162000000002,0.0031886200000000196,0.006351089600000001,12734.0
-0.0029139919999999985,0.007416020000000012,0.0021266460000000003,12751.0
-0.008421121999999998,0.0044506600000000065,0.0105903632,12768.0
0.02475069,0.0360101,-0.045830727599999996,12786.0
0.02475069,0.0360101,-0.045830727599999996,12803.0
0.026256624,0.03254252,-0.0472838888,12819.0
0.021928978000000002,0.03270936,-0.0465767388,12836.0
0.027436108000000004,0.03567472000000001,-0.055040456,12853.0
-0.013554652,-0.009742380000000005,-0.004452704000000002,12870.0
-0.014318418,0.008700940000000013,0.008496238,12888.0
-0.014318418,0.008700940000000013,0.008496238,12904.0
-0.015522771999999999,0.007498500000000008,0.010714626,12924.0
-0.015522771999999999,0.007498500000000008,0.010714626,12939.0
-0.006295765999999997,0.017407720000000015,0.015874480000000003,12955.0
-0.012107508,-0.005474800000000002,0.001847169999999998,12972.0
-0.017099622000000002,-0.00372532000000001,0.004885720999999998,12989.0
-0.011567622000000005,-0.0026897200000000066,0.0019601829999999986,13006.0
-0.016671182,-0.008110210000000007,2.0599999999998397e-05,13024.0
-0.016671182,-0.008110210000000007,2.0599999999998397e-05,13041.0
-0.0046371339999999985,-0.02346590000000002,-0.004563092000000002,13059.0
0.00035498000000000474,-0.02521538000000001,-0.0076016430000000025,13076.0
-0.005318147999999995,-0.02475257999999998,-0.008871888999999999,13092.0
-0.0002145879999999989,-0.01933208999999998,-0.006932305999999999,13108.0
0.045967544,-0.017050449999999984,-0.008251999999999999,13123.0
0.040509004,0.002744440000000026,-0.0025899399999999963,13139.0
0.0409047654,-0.0028957199999999792,-0.0049293039999999955,13156.0
0.0465778934,-0.0033585200000000094,-0.0036590579999999985,13175.0
0.0432625444,-0.003681620000000008,-0.006172275999999999,13191.0
-0.0029195875999999997,-0.005963260000000003,-0.004852581999999999,13206.0
-0.027756356,0.007938979999999995,-0.0011336340000000001,13223.0
-0.0281521174,0.01357914,0.0012057299999999993,13240.0
-0.031353591400000005,0.012336119999999973,0.000377559999999999,13268.0
-0.028038242400000003,0.012659219999999971,0.0028907779999999992,13285.0
-0.031083068400000004,0.01008081999999999,0.0018939019999999972,13303.0
-0.006246300000000005,-0.0038214200000000085,-0.0018250460000000025,13319.0
-0.008113046000000002,-0.006001199999999996,-0.0018140780000000024,13335.0
-0.004911571999999998,-0.004758179999999968,-0.000985908000000002,13352.0
-0.0033728179999999996,-0.007114599999999971,0.0009264459999999974,13369.0
-0.0003279919999999992,-0.00453619999999999,0.0019233219999999994,13387.0
0.0027297260000000044,-0.010202119999999981,-0.0018030639999999988,13402.0
0.004596472000000002,-0.008022339999999994,-0.0018140319999999988,13421.0
0.005027729999999997,-0.008575320000000008,0.002879332000000001,13437.0
0.0017090560000000033,-0.0072523400000000125,0.004570198000000003,13454.0
0.0017090560000000033,-0.0072523400000000125,0.004570198000000003,13470.0
-0.0013486620000000005,-0.0015864200000000217,0.008296584000000001,13488.0
-0.015233600000000003,-0.013601620000000026,0.0005428780000000022,13504.0
-0.015664857999999997,-0.01304864000000001,-0.0041504859999999975,13520.0
-0.007709402000000004,-0.014018299999999994,-0.012508678,13536.0
-0.008897276000000004,-0.009330339999999993,-0.013492392000000002,13554.0
-0.008897276000000004,-0.009330339999999993,-0.013492392000000002,13573.0
0.0047159620000000015,0.004707499999999998,-0.005849600000000005,13589.0
0.0047159620000000015,0.004707499999999998,-0.005849600000000005,13603.0
-0.0020842979999999957,0.006519779999999998,-0.0015442359999999987,13620.0
-0.0008964239999999957,0.001831819999999995,-0.0005605219999999967,13636.0
-0.0005241439999999986,0.0021074200000000152,-0.0012485980000000007,13653.0
-0.0002524440000000017,8.478000000002872e-05,-0.001137684,13670.0
-0.0002524440000000017,8.478000000002872e-05,-0.001137684,13687.0
-0.0010835399999999996,-0.00025385999999998353,-0.0009125720000000004,13704.0
-0.0010835399999999996,-0.00025385999999998353,-0.0009125720000000004,13721.0
-0.0012496599999999968,-0.0003516600000000203,-0.0012481699999999985,13740.0
-0.0020775739999999987,-0.00026442000000002073,0.0010460840000000027,13756.0
-0.0020775739999999987,-0.00026442000000002073,0.0010460840000000027,13771.0
-0.0006217540000000021,0.00026503999999998306,0.001270579999999999,13788.0
-0.0009923280000000035,-0.0005285600000000112,0.0011082179999999998,13804.0
-0.0011984880000000032,-0.0007063599999999947,0.002131892000000002,13820.0
-0.0005239419999999995,-0.0011412400000000212,-0.00021772199999999797,13837.0
0.005014194,-0.0002675800000000006,-0.002753161999999998,13854.0
0.005014194,-0.0002675800000000006,-0.002753161999999998,13871.0
0.005384768000000001,0.0005260199999999937,-0.0025907999999999986,13888.0
0.005443012000000002,0.0010717599999999993,-0.0029926779999999986,13906.0
0.005596380000000001,0.0014194000000000262,-0.002937318,13923.0
0.0005865159999999981,-0.00014492000000001503,-0.0011091240000000002,13939.0
0.036102139,-0.01399035999999998,0.0011844639999999962,13956.0
0.036102139,-0.01399035999999998,0.0011844639999999962,13985.0
0.036181727799999994,-0.014875099999999985,0.002190589999999998,13999.0
0.036181727799999994,-0.014875099999999985,0.002190589999999998,14015.0
0.035287438600000005,-0.013300359999999989,0.002622891999999999,14032.0
-0.00022818439999999982,0.0005450799999999756,0.0003293040000000025,14049.0
-0.015393925,0.014588979999999996,0.023214054,14066.0
-0.0155317578,0.014927979999999997,0.022609806,14085.0
-0.016336160800000003,0.01621915999999999,0.021224164,14101.0
-0.015970143600000004,0.015335080000000011,0.021499108,14117.0
-0.06846745060000001,0.010848179999999985,0.0644086832,14135.0
-0.05330171,-0.003195720000000035,0.0415239332,14151.0
-0.052025118,0.0052165399999999805,0.0030463220000000015,14168.0
-0.05122071500000001,0.003925359999999989,0.004431963999999999,14184.0
-0.055880401,0.027675351999999997,0.021337462199999997,14201.0
-0.0033830939999999975,0.03216225200000002,-0.021572113,14218.0
-0.005011723999999995,0.046460630000000024,-0.0329884052,14236.0
-0.0062883159999999935,0.03804837000000001,0.005489205999999999,14254.0
0.0075722660000000054,0.06387469400000001,0.002277756,14270.0
0.023655957999999998,0.05758244799999999,-0.017246150999999998,14285.0
0.023655957999999998,0.05758244799999999,-0.017246150999999998,14302.0
0.025284587999999997,0.04328406999999999,-0.005829858799999999,14319.0
0.035800122,0.058789789999999995,-0.010155154,14336.0
0.021939539999999997,0.032963466,-0.006943704,14353.0
0.022442947999999997,0.026831660000000014,0.0002058987999999984,14370.0
0.032153763999999994,0.03894741600000001,-0.0034604552000000012,14387.0
0.032153763999999994,0.03894741600000001,-0.0034604552000000012,14407.0
0.02163823,0.023441696,0.0008648400000000001,14421.0
0.02928192,0.02917380399999999,0.005588962,14436.0
0.017354506000000002,0.01784786399999999,0.0010577680000000006,14453.0
0.014840197199999999,0.011217643999999994,0.006715535999999999,14470.0
0.014840197199999999,0.011217643999999994,0.006715535999999999,14487.0
0.0228643966,0.012065764000000001,0.009893084,14504.0
0.022472083999999996,0.0056782840000000005,0.007866477399999999,14521.0
0.022472083999999996,0.0056782840000000005,0.007866477399999999,14538.0
0.0218007416,-0.000540794,0.012269068,14557.0
0.0218007416,-0.000540794,0.012269068,14573.0
0.0205863614,-0.004289510000000008,0.016924428800000002,14589.0
0.013334984,-0.0036341379999999977,0.014226913400000003,14607.0
0.018407696,-0.006792377999999999,0.017966365800000002,14623.0
0.0118825312,-0.006058836000000001,0.0115723612,14651.0
0.015425635200000001,-0.010964281999999992,0.012227440000000001,14667.0
0.008615816000000002,-0.008063685999999992,0.0043945312,14685.0
0.012625541999999998,-0.011906950000000005,0.0084392072,14701.0
0.007552829999999999,-0.008748710000000003,0.0046997548,14717.0
0.008151878000000001,-0.013468957999999998,0.0056474208,14734.0
0.004608773999999999,-0.008563512000000006,0.0049923419999999994,14750.0
0.004337041999999997,-0.010961383999999996,0.0038623333999999996,14767.0
0.0003273159999999997,-0.007118119999999983,-0.0001823426000000003,14784.0
0.003094914000000004,-0.011759973999999996,0.0030455588000000006,14801.0
0.002495866000000002,-0.007039726000000001,0.0020978928000000008,14818.0
0.003379635999999997,-0.009195712,0.002980614000000001,14835.0
0.0036513679999999995,-0.006797840000000011,0.004110622600000001,14852.0
0.0027460819999999995,-0.005499708000000015,0.004541301600000001,14870.0
-2.1516000000004752e-05,-0.0008578540000000023,0.0013134002000000007,14887.0
-0.00019235600000000463,0.0006211940000000026,-0.0008213998000000001,14903.0
-0.0011080259999999952,0.003801919999999992,-0.0023473259999999994,14920.0
-0.0011080259999999952,0.003801919999999992,-0.0023473259999999994,14937.0
-0.0002027399999999957,0.0025037879999999955,-0.002778005,14954.0
-0.002017355999999998,0.00646554800000001,-0.005712699800000001,14970.0
-0.0018465159999999981,0.004986500000000005,-0.0035778998000000005,14987.0
-0.001394690000000004,0.004764060000000003,-0.003546238400000001,15003.0
-0.0011591320000000015,0.004454700000000011,-0.0041790490000000015,15022.0
-0.0011591320000000015,0.004454700000000011,-0.0041790490000000015,15037.0
0.0006554840000000007,0.0004929399999999973,-0.0012443542,15054.0
0.0026060760000000014,-0.00201932600000001,0.0012613771999999996,15071.0
0.00028661200000000276,-0.0003102599999999844,-0.001188612,15088.0
5.1054000000000376e-05,-8.999999999925734e-07,-0.0005558014,15105.0
0.00041736399999999787,0.001248165999999995,0.0003527639999999999,15122.0
0.00041736399999999787,0.001248165999999995,0.0003527639999999999,15138.0
-0.001419474000000004,0.0031439460000000086,-0.002799606399999999,15156.0
0.00048006399999999674,0.0006325799999999937,0.000261926400000001,15171.0
0.00048006399999999674,0.0006325799999999937,0.000261926400000001,15188.0
0.0007354799999999995,-0.00010752599999999112,-0.0020085809999999997,15203.0
-0.0005597779999999997,0.003109706000000001,-0.0042798518,15221.0
-0.0006735319999999989,0.003726191999999995,-0.0036332128000000005,15236.0
-0.0006735319999999989,0.003726191999999995,-0.0036332128000000005,15253.0
-0.0020302339999999975,0.007039339999999994,-0.0056830404000000004,15270.0
-0.0026519599999999975,0.006530379999999991,-0.0043210984,15289.0
-0.005914871999999999,0.0075358560000000074,-0.0069329262,15305.0
-0.012730896,0.008631087999999999,-0.0103326798,15320.0
-0.012730896,0.008631087999999999,-0.0103326798,15336.0
-0.019520224,0.0020260100000000004,-0.0159162044,15353.0
-0.019520224,0.0020260100000000004,-0.0159162044,15368.0
-0.014962053999999999,-0.002196698000000008,-0.0110331058,15386.0
-0.0166472386,-0.011853352000000006,-0.0188010214,15402.0
-0.0229715193,-0.02901998,-0.028221417399999997,15420.0
-0.0148254893,-0.025728050000000002,-0.0205880652,15437.0
0.0003132820000000008,-0.011994890000000003,-0.0201004972,15456.0
0.0003132820000000008,-0.011994890000000003,-0.0201004972,15471.0
0.008814490600000002,-0.003433467999999995,-0.008932828,15487.0
-0.0081803527,-0.04449604,-0.005173825999999998,15504.0
-0.0081803527,-0.04449604,-0.005173825999999998,15522.0
-0.0161260388,-0.12097006000000002,0.0009239659999999983,15538.0
-0.0227312796,-0.12194249999999998,0.0066787700000000005,15555.0
-0.0227312796,-0.12194249999999998,0.0066787700000000005,15572.0
-0.020184913999999998,-0.019072259999999997,0.013443755999999996,15589.0
-0.020184913999999998,-0.019072259999999997,0.013443755999999996,15617.0
-0.026311219199999996,0.03741844000000001,0.005734634,15636.0
-0.019705978399999997,0.038390879999999974,-2.0170000000002685e-05,15652.0
-0.0190540284,0.03535463999999997,-0.0008872500000000006,15668.0
0.0017187300000000016,-0.009286400000000005,-0.0019908419999999983,15687.0
-0.0012542219999999993,-0.009158889999999986,-0.0017739759999999994,15702.0
-0.002321002,-0.0029087299999999818,-0.000650213999999999,15720.0
-0.005906376000000002,-0.0014811999999999824,0.002742625000000001,15736.0
-0.006558326000000003,0.0015550400000000186,0.003609704999999999,15753.0
-0.000984094000000002,-0.0001932599999999951,-0.001182793999999998,15770.0
-0.004040688000000003,0.000904729999999998,0.0024203772000000014,15789.0
-0.004040688000000003,0.000904729999999998,0.0024203772000000014,15805.0
-0.0009684680000000001,0.00014165999999999902,-0.0013718129999999995,15822.0
-0.0009684680000000001,0.00014165999999999902,-0.0013718129999999995,15838.0
-0.006297540000000002,0.002089960000000013,0.0030689719999999975,15855.0
-0.00026799399999999916,0.0008644600000000003,-0.0007510652000000007,15883.0
0.005425553999999999,-0.006658180000000002,-0.009103965200000003,15900.0
0.005938707999999998,-0.007322640000000003,-0.008704614000000003,15917.0
-0.0006582560000000015,0.0019675600000000014,-0.002709628,15934.0
-0.0009034160000000013,0.0017675600000000014,-0.002357914,15953.0
-0.0004579779999999978,0.0014567400000000009,-0.0033550279999999986,15969.0
-0.006151525999999996,0.008979380000000004,0.004997872000000003,15987.0
-0.0057138679999999996,0.009557939999999987,0.004754972000000001,16002.0
0.0008830959999999999,0.000267739999999983,-0.0012400140000000004,16020.0
0.0015489100000000034,8.846000000000132e-05,-0.00213294,16037.0
0.0011034719999999999,0.00039928000000000186,-0.0011358260000000008,16053.0
-3.075000000000161e-05,0.00047573999999999116,-0.00040488200000000083,16070.0
-0.00046840799999999796,-0.00010281999999999236,-0.0001619819999999994,16086.0
-9.19039999999982e-05,-0.0005177999999999905,-0.00020456400000000153,16104.0
-0.0018210219999999998,-0.0012670800000000205,0.00030350800000000235,16121.0
-0.0018210219999999998,-0.0012670800000000205,0.00030350800000000235,16137.0
-0.0006867999999999985,-0.0013435400000000098,-0.00042743599999999773,16153.0
-0.0019113360000000024,-0.0013082919999999997,-0.00033645600000000163,16170.0
-0.002287840000000002,-0.0008933120000000017,-0.0002938739999999995,16188.0
0.0024211519999999985,-0.005741813999999979,-0.0035133840000000026,16204.0
0.0024602520000000017,-0.006764259999999989,-0.005529928000000001,16222.0
0.0024602520000000017,-0.006764259999999989,-0.005529928000000001,16238.0
-0.0011687999999999976,-0.006722735999999996,-0.004283285999999997,16257.0
-0.0011687999999999976,-0.006722735999999996,-0.004283285999999997,16273.0
-0.005497920000000001,-0.0007198660000000024,-0.0012681019999999988,16290.0
-0.005537020000000004,0.00030258000000000785,0.0007484419999999991,16306.0
-0.006111616000000003,0.000984980000000002,8.18719999999995e-05,16323.0
-0.001258028,0.0009082079999999992,-0.00125575,16341.0
0.006675256000000002,-0.0024950119999999965,-0.006986570000000003,16358.0
0.007358688000000002,-0.0027208200000000014,-0.006397390000000003,16374.0
0.006629622000000002,-0.002405020000000002,-0.006661796000000003,16393.0
0.007204218000000001,-0.003087419999999996,-0.005995226000000004,16409.0
0.003816133999999999,-0.001970079999999985,-0.005317258000000003,16425.0
-0.004117150000000003,0.0014331400000000105,0.0004135620000000007,16442.0
-0.0026557339999999986,0.0012194399999999827,0.0003857140000000037,16459.0
-0.0019266679999999981,0.0009036399999999833,0.000650120000000004,16477.0
-0.003718502000000001,0.001255179999999978,0.002303744000000002,16494.0
-0.000330417999999999,0.00013783999999996687,0.001625776000000001,16510.0
-0.008073991999999997,0.0024331799999999905,0.002699183999999999,16528.0
-0.009535408,0.002646880000000018,0.002727031999999996,16544.0
-0.009374052000000004,0.0034222000000000198,0.003070879999999998,16561.0
-0.007582218000000002,0.003070660000000025,0.001417256,16577.0
0.002702910000000003,0.0009408200000000199,0.0010489460000000007,16595.0
0.010446484,-0.0013545200000000036,-2.446199999999732e-05,16611.0
0.004670321999999999,0.0016377719999999929,0.0021336560000000003,16629.0
0.004508966000000003,0.0008624519999999913,0.0017898079999999982,16645.0
0.008414668000000004,0.002168599999999987,0.003887938000000002,16664.0
-0.0018704600000000015,0.004298439999999992,0.0042562480000000015,16679.0
0.009252082799999997,0.0013641919999999974,0.0015027520000000017,16695.0
0.015028244799999998,-0.001628099999999999,-0.0006553659999999961,16711.0
0.0360164172,-0.011141392000000017,-0.0013194579999999956,16729.0
0.0321107152,-0.012447540000000012,-0.003417587999999999,16744.0
0.020329477999999998,0.001573328000000007,4.1913999999998454e-05,16761.0
0.009206935199999999,0.004507576000000002,0.002795409999999998,16777.0
0.0076788672,0.009326108,0.0037378319999999965,16797.0
-0.0133093052,0.018839400000000017,0.004401923999999996,16811.0
-0.013496017199999998,0.019531008000000006,0.005237579999999997,16828.0
-0.001714779999999999,0.005510139999999985,0.0017780779999999996,16843.0
0.0010363048000000014,0.004459711999999993,0.0019413000000000013,16859.0
0.0025643728000000004,-0.00035882000000000416,0.000998878000000003,16876.0
0.0057820492,0.0016729400000000006,0.003941678000000004,16894.0
0.0059687612000000004,0.0009813320000000125,0.0031060220000000026,16910.0
0.0067222712,0.0009016400000000146,0.0037878999999999994,16926.0
0.0039711864,0.0019520680000000069,0.003624677999999998,16943.0
-0.009482488,0.017901568,0.012913655999999999,16961.0
-0.0127001644,0.015869807999999996,0.009970855999999997,16976.0
-0.0097220392,0.017254232,0.011503267999999997,16993.0
-0.0104755492,0.017333924,0.01082139,17008.0
-0.0075778724,0.01880283199999999,0.013573837,17023.0
0.005875801999999999,0.0028533319999999975,0.004284858999999999,17041.0
0.005895847200000001,0.005142139999999995,0.0016649720000000007,17058.0
0.002917722,0.0037577159999999886,0.00013256000000000102,17074.0
0.012712871999999997,0.027036948000000005,-0.0013383859999999998,17091.0
0.0098151952,0.025568040000000014,-0.0040908329999999994,17112.0
-0.0010952799999999984,0.012831600000000009,-0.0021262649999999996,17128.0
-0.0011153252000000002,0.010542792000000013,0.0004936219999999991,17141.0
0.001805003999999999,0.010527242000000015,-0.0039057250000000014,17159.0
-0.007990146,-0.012751990000000001,-0.0024347790000000006,17176.0
-0.007573980000000001,-0.009936672000000013,-0.00418172,17192.0
0.0033364951999999976,0.0027997679999999915,-0.006146288,17209.0
0.0032245672000000003,0.005622079999999996,-0.007483148,17227.0
0.0003042380000000011,0.005637629999999993,-0.0030838009999999997,17244.0
-0.00033981399999999937,0.008846257999999985,-0.002697324999999998,17261.0
-0.0007559799999999978,0.006030939999999996,-0.0009503839999999986,17276.0
-0.0005200239999999995,0.007342952000000014,-0.001248263999999999,17295.0
-0.0004080960000000022,0.004520640000000009,8.85960000000019e-05,17310.0
0.0006387559999999987,0.005039079999999996,-0.0002208711999999974,17328.0
0.0012828079999999992,0.0018304520000000045,-0.0006073471999999997,17344.0
0.0034594291999999983,0.0005183460000000029,0.0002748491999999991,17361.0
0.0032234732,-0.0007936660000000151,0.0005727291999999995,17378.0
0.0066070470000000004,-0.0037410000000000164,0.0015339859999999983,17396.0
0.0055601949999999995,-0.004259440000000003,0.0018434531999999976,17412.0
0.009807598,-0.008427888000000005,0.003219557199999998,17430.0
0.0076309768,-0.007115782000000004,0.002337360799999999,17446.0
0.010949659260000001,-0.010304113999999998,0.0036066527999999987,17465.0
0.007566085460000001,-0.007356779999999996,0.002645396,17482.0
0.00948729366,-0.009949359999999996,0.004019594000000001,17499.0
0.0052398906600000005,-0.005780911999999994,0.002643490000000001,17515.0
0.009009372,-0.027657111999999984,0.0029070380000000007,17532.0
0.00569068954,-0.02446877999999999,0.0016377460000000011,17548.0
0.007692559139999999,-0.010775271999999992,0.006255102000000001,17566.0
0.00577135094,-0.008182691999999991,0.004880904,17582.0
0.00629279014,-0.008539040000000008,0.0061285967999999994,17599.0
0.0025233087999999996,0.013337159999999982,0.0058650488,17616.0
0.0016803887999999995,0.015802119999999985,0.005328701999999999,17635.0
-0.00032148079999999997,0.0021086119999999876,0.0007113459999999988,17649.0
0.00033364580000000004,0.0007547320000000024,0.0021470076000000005,17667.0
-0.00018779339999999977,0.00111108000000002,0.0008993148000000006,17684.0
0.0023662098000000005,-0.0008386799999999806,0.0011921405999999995,17700.0
0.0032091298000000005,-0.0033036399999999853,0.0017284874000000005,17717.0
0.0026619911999999995,-0.0014156599999999963,0.0017102244000000016,17735.0
0.0020068645999999995,-6.178000000001127e-05,0.0002745628,17752.0
-6.979260000000015e-05,0.0038111000000000004,1.0967199999999121e-05,17770.0
-0.0026237958000000007,0.005760860000000001,-0.0002818585999999998,17787.0
0.003537992400000001,0.0004406799999999933,0.000282478600000001,17802.0
0.004085131000000001,-0.0014472999999999958,0.00030074159999999987,17819.0
0.013145504000000002,-0.014959400000000001,-0.0107718944,17837.0
0.0152221612,-0.018832280000000014,-0.0105082988,17854.0
0.0202288832,-0.0224291,-0.0070249556000000005,17870.0
0.010662612999999998,-0.015083833999999996,-0.009697533000000001,17888.0
0.010662612999999998,-0.015083833999999996,-0.009697533000000001,17904.0
-0.011944404,-0.04047902000000001,-0.010760401999999999,17922.0
-0.011944404,-0.04047902000000001,-0.010760401999999999,17939.0
-0.016951126,-0.03688220000000002,-0.0142437452,17957.0
-0.0131491556,0.01769262599999999,0.010320473,17974.0
-0.00036033799999999895,-0.0062736860000000005,-0.0012483589999999988,17990.0
0.013186306,0.03263360000000002,0.010887146,18009.0
0.00901086,0.032843586000000015,0.008786916,18025.0
0.00901086,0.032843586000000015,0.008786916,18041.0
0.0115592116,-0.022581552000000005,-0.0046664720000000005,18057.0
-0.0012296059999999998,0.001384759999999985,0.006902359999999999,18075.0
-0.01407099,0.01653549999999999,0.009342193,18092.0
-0.009895544000000003,0.016325513999999996,0.011442423,18109.0
-0.010782813,-0.0009353060000000024,0.004799223,18125.0
-0.013728653000000002,-0.002110079999999992,-0.0042033669999999995,18143.0
-0.006460204,-0.007464859999999995,-0.0033072939999999997,18160.0
0.006381180000000002,-0.022615600000000003,-0.005747127,18178.0
-0.004838688999999999,-0.011008099999999988,-0.0056383610000000015,18194.0
-0.003951420000000001,0.006252720000000012,0.0010048389999999991,18210.0
-0.0061959014,0.014777940000000012,0.004751490999999999,18228.0
-0.0134643504,0.020132720000000014,0.0038554179999999993,18244.0
-0.0163115152,0.021335499999999997,0.0037157529999999996,18262.0
-0.005091646199999999,0.009727999999999981,0.0036069870000000003,18277.0
-0.0098543598,0.01776205999999998,0.008811807600000002,18294.0
-0.007609878400000001,0.009236839999999979,0.005065155600000001,18310.0
-0.008482892799999999,0.0084627,0.003964281600000001,18325.0
-0.005635728,0.0072599200000000195,0.004103946600000001,18344.0
-0.005447568,0.0065638100000000145,0.004536962400000001,18362.0
-0.0006848544000000005,-0.0014702499999999842,-0.0006678582000000002,18376.0
-0.0015985012,-0.0007516079999999814,-0.0005010128000000003,18392.0
-0.0007254867999999997,2.253199999999733e-05,0.0005998612,18410.0
-0.0010395587999999997,0.00031087999999999114,-0.0010201929999999998,18428.0
-0.0012277187999999994,0.0010069899999999965,-0.0014532088,18444.0
0.0007723898,-0.0016816979999999982,0.0013659478000000002,18461.0
0.0016860365999999995,-0.002400340000000001,0.0011991024000000002,18478.0
0.0062090500600000004,-0.011046152000000009,-0.0050266268000000005,18497.0
0.00652312206,-0.011334500000000003,-0.0034065726000000003,18512.0
0.003074998,-0.004786354000000004,0.0026513573999999997,18528.0
